1,1,7,7
7,7,1,1
1,1,13,13
13,13,1,1
1,1,19,19
19,19,1,1
1,1,23,23
23,23,1,1
1,1,27,27
27,27,1,1
1,1,39,39
39,39,1,1
1,1,42,42
42,42,1,1
1,1,48,48
48,48,1,1
1,1,57,57
57,57,1,1
1,1,65,65
65,65,1,1
1,1,75,75
75,75,1,1
1,1,81,81
81,81,1,1
1,1,90,90
90,90,1,1
1,1,105,105
105,105,1,1
1,1,157,157
157,157,1,1
1,1,164,164
164,164,1,1
1,1,170,170
170,170,1,1
1,1,176,176
176,176,1,1
1,1,183,183
183,183,1,1
1,1,185,185
185,185,1,1
1,1,193,193
193,193,1,1
1,1,199,199
199,199,1,1
1,1,202,202
202,202,1,1
1,1,207,207
207,207,1,1
1,1,211,211
211,211,1,1
1,1,216,216
216,216,1,1
1,1,224,224
224,224,1,1
1,1,227,227
227,227,1,1
1,1,232,232
232,232,1,1
1,1,237,237
237,237,1,1
1,1,242,242
242,242,1,1
1,1,250,250
250,250,1,1
1,1,261,261
261,261,1,1
1,1,273,273
273,273,1,1
1,1,277,277
277,277,1,1
1,1,278,278
278,278,1,1
2,2,15,15
15,15,2,2
2,2,24,24
24,24,2,2
2,2,35,35
35,35,2,2
2,2,186,186
186,186,2,2
2,2,194,194
194,194,2,2
3,3,25,25
25,25,3,3
3,3,43,43
43,43,3,3
5,5,11,11
11,11,5,5
5,5,17,17
17,17,5,5
5,5,20,20
20,20,5,5
5,5,28,28
28,28,5,5
5,5,41,41
41,41,5,5
5,5,44,44
44,44,5,5
5,5,50,50
50,50,5,5
5,5,51,51
51,51,5,5
5,5,59,59
59,59,5,5
5,5,68,68
68,68,5,5
5,5,76,76
76,76,5,5
5,5,82,82
82,82,5,5
5,5,108,108
108,108,5,5
5,5,155,155
155,155,5,5
5,5,160,160
160,160,5,5
5,5,166,166
166,166,5,5
5,5,172,172
172,172,5,5
5,5,179,179
179,179,5,5
5,5,187,187
187,187,5,5
5,5,189,189
189,189,5,5
5,5,195,195
195,195,5,5
5,5,201,201
201,201,5,5
5,5,206,206
206,206,5,5
5,5,210,210
210,210,5,5
5,5,215,215
215,215,5,5
5,5,220,220
220,220,5,5
5,5,226,226
226,226,5,5
5,5,231,231
231,231,5,5
5,5,236,236
236,236,5,5
5,5,241,241
241,241,5,5
5,5,246,246
246,246,5,5
5,5,259,259
259,259,5,5
5,5,268,268
268,268,5,5
5,5,274,274
274,274,5,5
5,5,284,284
284,284,5,5
7,7,19,19
19,19,7,7
7,7,23,23
23,23,7,7
7,7,27,27
27,27,7,7
7,7,39,39
39,39,7,7
7,7,42,42
42,42,7,7
7,7,48,48
48,48,7,7
7,7,57,57
57,57,7,7
7,7,65,65
65,65,7,7
7,7,75,75
75,75,7,7
7,7,81,81
81,81,7,7
7,7,105,105
105,105,7,7
7,7,157,157
157,157,7,7
7,7,164,164
164,164,7,7
7,7,170,170
170,170,7,7
7,7,176,176
176,176,7,7
7,7,183,183
183,183,7,7
7,7,185,185
185,185,7,7
7,7,193,193
193,193,7,7
7,7,224,224
224,224,7,7
7,7,250,250
250,250,7,7
7,7,261,261
261,261,7,7
7,7,273,273
273,273,7,7
7,7,277,277
277,277,7,7
7,7,278,278
278,278,7,7
9,9,34,34
34,34,9,9
9,9,40,40
40,40,9,9
9,9,49,49
49,49,9,9
9,9,55,55
55,55,9,9
9,9,63,63
63,63,9,9
9,9,71,71
71,71,9,9
9,9,78,78
78,78,9,9
9,9,107,107
107,107,9,9
9,9,159,159
159,159,9,9
9,9,162,162
162,162,9,9
9,9,168,168
168,168,9,9
9,9,181,181
181,181,9,9
9,9,191,191
191,191,9,9
11,11,17,17
17,17,11,11
11,11,20,20
20,20,11,11
11,11,28,28
28,28,11,11
11,11,41,41
41,41,11,11
11,11,44,44
44,44,11,11
11,11,50,50
50,50,11,11
11,11,51,51
51,51,11,11
11,11,59,59
59,59,11,11
11,11,68,68
68,68,11,11
11,11,76,76
76,76,11,11
11,11,82,82
82,82,11,11
11,11,108,108
108,108,11,11
11,11,155,155
155,155,11,11
11,11,160,160
160,160,11,11
11,11,166,166
166,166,11,11
11,11,172,172
172,172,11,11
11,11,179,179
179,179,11,11
11,11,187,187
187,187,11,11
11,11,189,189
189,189,11,11
11,11,195,195
195,195,11,11
11,11,201,201
201,201,11,11
11,11,206,206
206,206,11,11
11,11,210,210
210,210,11,11
11,11,215,215
215,215,11,11
11,11,220,220
220,220,11,11
11,11,226,226
226,226,11,11
11,11,231,231
231,231,11,11
11,11,236,236
236,236,11,11
11,11,241,241
241,241,11,11
11,11,246,246
246,246,11,11
11,11,259,259
259,259,11,11
11,11,268,268
268,268,11,11
11,11,274,274
274,274,11,11
11,11,284,284
284,284,11,11
13,13,19,19
19,19,13,13
13,13,23,23
23,23,13,13
13,13,27,27
27,27,13,13
13,13,39,39
39,39,13,13
13,13,42,42
42,42,13,13
13,13,48,48
48,48,13,13
13,13,57,57
57,57,13,13
13,13,65,65
65,65,13,13
13,13,75,75
75,75,13,13
13,13,81,81
81,81,13,13
13,13,105,105
105,105,13,13
13,13,157,157
157,157,13,13
13,13,170,170
170,170,13,13
13,13,176,176
176,176,13,13
13,13,183,183
183,183,13,13
13,13,185,185
185,185,13,13
13,13,193,193
193,193,13,13
13,13,199,199
199,199,13,13
13,13,202,202
202,202,13,13
13,13,207,207
207,207,13,13
13,13,211,211
211,211,13,13
13,13,216,216
216,216,13,13
13,13,224,224
224,224,13,13
13,13,227,227
227,227,13,13
13,13,237,237
237,237,13,13
13,13,242,242
242,242,13,13
13,13,261,261
261,261,13,13
13,13,273,273
273,273,13,13
13,13,277,277
277,277,13,13
13,13,278,278
278,278,13,13
14,14,192,192
192,192,14,14
15,15,24,24
24,24,15,15
15,15,35,35
35,35,15,15
15,15,58,58
58,58,15,15
15,15,66,66
66,66,15,15
15,15,67,67
67,67,15,15
15,15,171,171
171,171,15,15
15,15,177,177
177,177,15,15
15,15,184,184
184,184,15,15
15,15,186,186
186,186,15,15
16,16,25,25
25,25,16,16
16,16,43,43
43,43,16,16
16,16,191,191
191,191,16,16
17,17,20,20
20,20,17,17
17,17,28,28
28,28,17,17
17,17,41,41
41,41,17,17
17,17,44,44
44,44,17,17
17,17,50,50
50,50,17,17
17,17,51,51
51,51,17,17
17,17,59,59
59,59,17,17
17,17,68,68
68,68,17,17
17,17,76,76
76,76,17,17
17,17,82,82
82,82,17,17
17,17,108,108
108,108,17,17
17,17,155,155
155,155,17,17
17,17,160,160
160,160,17,17
17,17,166,166
166,166,17,17
17,17,172,172
172,172,17,17
17,17,179,179
179,179,17,17
17,17,187,187
187,187,17,17
17,17,189,189
189,189,17,17
17,17,195,195
195,195,17,17
17,17,201,201
201,201,17,17
17,17,206,206
206,206,17,17
17,17,210,210
210,210,17,17
17,17,215,215
215,215,17,17
17,17,220,220
220,220,17,17
17,17,226,226
226,226,17,17
17,17,231,231
231,231,17,17
17,17,236,236
236,236,17,17
17,17,241,241
241,241,17,17
17,17,246,246
246,246,17,17
17,17,259,259
259,259,17,17
17,17,268,268
268,268,17,17
17,17,274,274
274,274,17,17
17,17,284,284
284,284,17,17
19,19,23,23
23,23,19,19
19,19,27,27
27,27,19,19
19,19,39,39
39,39,19,19
19,19,42,42
42,42,19,19
19,19,48,48
48,48,19,19
19,19,57,57
57,57,19,19
19,19,65,65
65,65,19,19
19,19,75,75
75,75,19,19
19,19,81,81
81,81,19,19
19,19,90,90
90,90,19,19
19,19,105,105
105,105,19,19
19,19,157,157
157,157,19,19
19,19,164,164
164,164,19,19
19,19,170,170
170,170,19,19
19,19,176,176
176,176,19,19
19,19,183,183
183,183,19,19
19,19,185,185
185,185,19,19
19,19,193,193
193,193,19,19
19,19,199,199
199,199,19,19
19,19,202,202
202,202,19,19
19,19,207,207
207,207,19,19
19,19,211,211
211,211,19,19
19,19,216,216
216,216,19,19
19,19,227,227
227,227,19,19
19,19,232,232
232,232,19,19
19,19,237,237
237,237,19,19
19,19,242,242
242,242,19,19
19,19,261,261
261,261,19,19
19,19,273,273
273,273,19,19
19,19,277,277
277,277,19,19
19,19,278,278
278,278,19,19
20,20,41,41
41,41,20,20
20,20,44,44
44,44,20,20
20,20,50,50
50,50,20,20
20,20,51,51
51,51,20,20
20,20,108,108
108,108,20,20
20,20,155,155
155,155,20,20
20,20,172,172
172,172,20,20
20,20,179,179
179,179,20,20
20,20,187,187
187,187,20,20
20,20,195,195
195,195,20,20
20,20,210,210
210,210,20,20
20,20,220,220
220,220,20,20
20,20,231,231
231,231,20,20
20,20,259,259
259,259,20,20
20,20,274,274
274,274,20,20
20,20,284,284
284,284,20,20
23,23,27,27
27,27,23,23
23,23,39,39
39,39,23,23
23,23,42,42
42,42,23,23
23,23,48,48
48,48,23,23
23,23,57,57
57,57,23,23
23,23,65,65
65,65,23,23
23,23,75,75
75,75,23,23
23,23,81,81
81,81,23,23
23,23,90,90
90,90,23,23
23,23,105,105
105,105,23,23
23,23,157,157
157,157,23,23
23,23,164,164
164,164,23,23
23,23,170,170
170,170,23,23
23,23,176,176
176,176,23,23
23,23,183,183
183,183,23,23
23,23,185,185
185,185,23,23
23,23,193,193
193,193,23,23
23,23,199,199
199,199,23,23
23,23,202,202
202,202,23,23
23,23,207,207
207,207,23,23
23,23,211,211
211,211,23,23
23,23,216,216
216,216,23,23
23,23,224,224
224,224,23,23
23,23,227,227
227,227,23,23
23,23,232,232
232,232,23,23
23,23,237,237
237,237,23,23
23,23,242,242
242,242,23,23
23,23,250,250
250,250,23,23
23,23,261,261
261,261,23,23
23,23,273,273
273,273,23,23
23,23,277,277
277,277,23,23
23,23,278,278
278,278,23,23
24,24,35,35
35,35,24,24
24,24,58,58
58,58,24,24
24,24,66,66
66,66,24,24
24,24,67,67
67,67,24,24
24,24,184,184
184,184,24,24
24,24,186,186
186,186,24,24
25,25,43,43
43,43,25,25
27,27,39,39
39,39,27,27
27,27,42,42
42,42,27,27
27,27,48,48
48,48,27,27
27,27,57,57
57,57,27,27
27,27,65,65
65,65,27,27
27,27,75,75
75,75,27,27
27,27,81,81
81,81,27,27
27,27,90,90
90,90,27,27
27,27,105,105
105,105,27,27
27,27,157,157
157,157,27,27
27,27,164,164
164,164,27,27
27,27,170,170
170,170,27,27
27,27,176,176
176,176,27,27
27,27,183,183
183,183,27,27
27,27,185,185
185,185,27,27
27,27,193,193
193,193,27,27
27,27,199,199
199,199,27,27
27,27,202,202
202,202,27,27
27,27,207,207
207,207,27,27
27,27,211,211
211,211,27,27
27,27,216,216
216,216,27,27
27,27,224,224
224,224,27,27
27,27,227,227
227,227,27,27
27,27,237,237
237,237,27,27
27,27,242,242
242,242,27,27
27,27,261,261
261,261,27,27
27,27,273,273
273,273,27,27
27,27,277,277
277,277,27,27
27,27,278,278
278,278,27,27
28,28,41,41
41,41,28,28
28,28,44,44
44,44,28,28
28,28,50,50
50,50,28,28
28,28,51,51
51,51,28,28
28,28,59,59
59,59,28,28
28,28,68,68
68,68,28,28
28,28,76,76
76,76,28,28
28,28,82,82
82,82,28,28
28,28,108,108
108,108,28,28
28,28,155,155
155,155,28,28
28,28,160,160
160,160,28,28
28,28,166,166
166,166,28,28
28,28,172,172
172,172,28,28
28,28,179,179
179,179,28,28
28,28,187,187
187,187,28,28
28,28,189,189
189,189,28,28
28,28,195,195
195,195,28,28
28,28,201,201
201,201,28,28
28,28,206,206
206,206,28,28
28,28,210,210
210,210,28,28
28,28,215,215
215,215,28,28
28,28,220,220
220,220,28,28
28,28,226,226
226,226,28,28
28,28,231,231
231,231,28,28
28,28,236,236
236,236,28,28
28,28,241,241
241,241,28,28
28,28,246,246
246,246,28,28
28,28,259,259
259,259,28,28
28,28,268,268
268,268,28,28
28,28,274,274
274,274,28,28
28,28,284,284
284,284,28,28
32,32,54,54
54,54,32,32
32,32,62,62
62,62,32,32
32,32,70,70
70,70,32,32
32,32,77,77
77,77,32,32
32,32,167,167
167,167,32,32
34,34,40,40
40,40,34,34
34,34,49,49
49,49,34,34
34,34,55,55
55,55,34,34
34,34,63,63
63,63,34,34
34,34,71,71
71,71,34,34
34,34,78,78
78,78,34,34
34,34,107,107
107,107,34,34
34,34,159,159
159,159,34,34
34,34,168,168
168,168,34,34
34,34,174,174
174,174,34,34
34,34,181,181
181,181,34,34
34,34,191,191
191,191,34,34
35,35,58,58
58,58,35,35
35,35,66,66
66,66,35,35
35,35,67,67
67,67,35,35
35,35,92,92
92,92,35,35
35,35,158,158
158,158,35,35
35,35,165,165
165,165,35,35
35,35,171,171
171,171,35,35
35,35,177,177
177,177,35,35
35,35,184,184
184,184,35,35
35,35,186,186
186,186,35,35
38,38,47,47
47,47,38,38
39,39,42,42
42,42,39,39
39,39,48,48
48,48,39,39
39,39,57,57
57,57,39,39
39,39,65,65
65,65,39,39
39,39,75,75
75,75,39,39
39,39,81,81
81,81,39,39
39,39,105,105
105,105,39,39
39,39,157,157
157,157,39,39
39,39,164,164
164,164,39,39
39,39,170,170
170,170,39,39
39,39,176,176
176,176,39,39
39,39,183,183
183,183,39,39
39,39,185,185
185,185,39,39
39,39,193,193
193,193,39,39
39,39,207,207
207,207,39,39
39,39,224,224
224,224,39,39
39,39,242,242
242,242,39,39
39,39,250,250
250,250,39,39
39,39,261,261
261,261,39,39
39,39,273,273
273,273,39,39
39,39,277,277
277,277,39,39
39,39,278,278
278,278,39,39
40,40,49,49
49,49,40,40
40,40,55,55
55,55,40,40
40,40,63,63
63,63,40,40
40,40,71,71
71,71,40,40
40,40,78,78
78,78,40,40
40,40,88,88
88,88,40,40
40,40,107,107
107,107,40,40
40,40,159,159
159,159,40,40
40,40,174,174
174,174,40,40
40,40,191,191
191,191,40,40
41,41,44,44
44,44,41,41
41,41,50,50
50,50,41,41
41,41,51,51
51,51,41,41
41,41,59,59
59,59,41,41
41,41,68,68
68,68,41,41
41,41,76,76
76,76,41,41
41,41,82,82
82,82,41,41
41,41,108,108
108,108,41,41
41,41,155,155
155,155,41,41
41,41,160,160
160,160,41,41
41,41,166,166
166,166,41,41
41,41,172,172
172,172,41,41
41,41,179,179
179,179,41,41
41,41,187,187
187,187,41,41
41,41,189,189
189,189,41,41
41,41,195,195
195,195,41,41
41,41,201,201
201,201,41,41
41,41,206,206
206,206,41,41
41,41,210,210
210,210,41,41
41,41,215,215
215,215,41,41
41,41,220,220
220,220,41,41
41,41,226,226
226,226,41,41
41,41,231,231
231,231,41,41
41,41,236,236
236,236,41,41
41,41,241,241
241,241,41,41
41,41,246,246
246,246,41,41
41,41,259,259
259,259,41,41
41,41,268,268
268,268,41,41
41,41,274,274
274,274,41,41
41,41,284,284
284,284,41,41
42,42,48,48
48,48,42,42
42,42,57,57
57,57,42,42
42,42,65,65
65,65,42,42
42,42,75,75
75,75,42,42
42,42,81,81
81,81,42,42
42,42,105,105
105,105,42,42
42,42,157,157
157,157,42,42
42,42,164,164
164,164,42,42
42,42,170,170
170,170,42,42
42,42,176,176
176,176,42,42
42,42,183,183
183,183,42,42
42,42,185,185
185,185,42,42
42,42,193,193
193,193,42,42
42,42,199,199
199,199,42,42
42,42,207,207
207,207,42,42
42,42,211,211
211,211,42,42
42,42,224,224
224,224,42,42
42,42,232,232
232,232,42,42
42,42,237,237
237,237,42,42
42,42,242,242
242,242,42,42
42,42,250,250
250,250,42,42
42,42,261,261
261,261,42,42
42,42,273,273
273,273,42,42
42,42,277,277
277,277,42,42
42,42,278,278
278,278,42,42
43,43,191,191
191,191,43,43
44,44,50,50
50,50,44,44
44,44,51,51
51,51,44,44
44,44,59,59
59,59,44,44
44,44,68,68
68,68,44,44
44,44,76,76
76,76,44,44
44,44,82,82
82,82,44,44
44,44,108,108
108,108,44,44
44,44,155,155
155,155,44,44
44,44,160,160
160,160,44,44
44,44,166,166
166,166,44,44
44,44,172,172
172,172,44,44
44,44,179,179
179,179,44,44
44,44,187,187
187,187,44,44
44,44,189,189
189,189,44,44
44,44,195,195
195,195,44,44
44,44,201,201
201,201,44,44
44,44,206,206
206,206,44,44
44,44,210,210
210,210,44,44
44,44,215,215
215,215,44,44
44,44,220,220
220,220,44,44
44,44,226,226
226,226,44,44
44,44,231,231
231,231,44,44
44,44,236,236
236,236,44,44
44,44,241,241
241,241,44,44
44,44,246,246
246,246,44,44
44,44,259,259
259,259,44,44
44,44,268,268
268,268,44,44
44,44,274,274
274,274,44,44
44,44,284,284
284,284,44,44
45,45,260,260
260,260,45,45
48,48,57,57
57,57,48,48
48,48,65,65
65,65,48,48
48,48,75,75
75,75,48,48
48,48,81,81
81,81,48,48
48,48,105,105
105,105,48,48
48,48,157,157
157,157,48,48
48,48,164,164
164,164,48,48
48,48,170,170
170,170,48,48
48,48,176,176
176,176,48,48
48,48,183,183
183,183,48,48
48,48,185,185
185,185,48,48
48,48,193,193
193,193,48,48
48,48,224,224
224,224,48,48
48,48,242,242
242,242,48,48
48,48,250,250
250,250,48,48
48,48,261,261
261,261,48,48
48,48,273,273
273,273,48,48
48,48,277,277
277,277,48,48
48,48,278,278
278,278,48,48
49,49,55,55
55,55,49,49
49,49,63,63
63,63,49,49
49,49,71,71
71,71,49,49
49,49,78,78
78,78,49,49
49,49,88,88
88,88,49,49
49,49,107,107
107,107,49,49
49,49,159,159
159,159,49,49
49,49,174,174
174,174,49,49
50,50,51,51
51,51,50,50
50,50,59,59
59,59,50,50
50,50,68,68
68,68,50,50
50,50,76,76
76,76,50,50
50,50,82,82
82,82,50,50
50,50,108,108
108,108,50,50
50,50,155,155
155,155,50,50
50,50,160,160
160,160,50,50
50,50,166,166
166,166,50,50
50,50,172,172
172,172,50,50
50,50,179,179
179,179,50,50
50,50,187,187
187,187,50,50
50,50,189,189
189,189,50,50
50,50,195,195
195,195,50,50
50,50,201,201
201,201,50,50
50,50,206,206
206,206,50,50
50,50,210,210
210,210,50,50
50,50,215,215
215,215,50,50
50,50,220,220
220,220,50,50
50,50,226,226
226,226,50,50
50,50,231,231
231,231,50,50
50,50,236,236
236,236,50,50
50,50,241,241
241,241,50,50
50,50,246,246
246,246,50,50
50,50,259,259
259,259,50,50
50,50,268,268
268,268,50,50
50,50,274,274
274,274,50,50
50,50,284,284
284,284,50,50
51,51,59,59
59,59,51,51
51,51,68,68
68,68,51,51
51,51,76,76
76,76,51,51
51,51,82,82
82,82,51,51
51,51,108,108
108,108,51,51
51,51,155,155
155,155,51,51
51,51,160,160
160,160,51,51
51,51,166,166
166,166,51,51
51,51,172,172
172,172,51,51
51,51,179,179
179,179,51,51
51,51,187,187
187,187,51,51
51,51,189,189
189,189,51,51
51,51,195,195
195,195,51,51
51,51,201,201
201,201,51,51
51,51,206,206
206,206,51,51
51,51,210,210
210,210,51,51
51,51,215,215
215,215,51,51
51,51,220,220
220,220,51,51
51,51,226,226
226,226,51,51
51,51,231,231
231,231,51,51
51,51,236,236
236,236,51,51
51,51,241,241
241,241,51,51
51,51,246,246
246,246,51,51
51,51,259,259
259,259,51,51
51,51,268,268
268,268,51,51
51,51,274,274
274,274,51,51
51,51,284,284
284,284,51,51
52,52,60,60
60,60,52,52
53,53,61,61
61,61,53,53
53,53,69,69
69,69,53,53
54,54,62,62
62,62,54,54
54,54,70,70
70,70,54,54
54,54,77,77
77,77,54,54
54,54,156,156
156,156,54,54
55,55,63,63
63,63,55,55
55,55,71,71
71,71,55,55
55,55,78,78
78,78,55,55
55,55,88,88
88,88,55,55
55,55,107,107
107,107,55,55
55,55,159,159
159,159,55,55
55,55,162,162
162,162,55,55
55,55,174,174
174,174,55,55
55,55,181,181
181,181,55,55
55,55,191,191
191,191,55,55
57,57,65,65
65,65,57,57
57,57,75,75
75,75,57,57
57,57,81,81
81,81,57,57
57,57,105,105
105,105,57,57
57,57,157,157
157,157,57,57
57,57,164,164
164,164,57,57
57,57,170,170
170,170,57,57
57,57,176,176
176,176,57,57
57,57,183,183
183,183,57,57
57,57,185,185
185,185,57,57
57,57,193,193
193,193,57,57
57,57,199,199
199,199,57,57
57,57,202,202
202,202,57,57
57,57,207,207
207,207,57,57
57,57,211,211
211,211,57,57
57,57,224,224
224,224,57,57
57,57,227,227
227,227,57,57
57,57,237,237
237,237,57,57
57,57,242,242
242,242,57,57
57,57,261,261
261,261,57,57
57,57,273,273
273,273,57,57
57,57,277,277
277,277,57,57
57,57,278,278
278,278,57,57
58,58,66,66
66,66,58,58
58,58,67,67
67,67,58,58
58,58,92,92
92,92,58,58
58,58,158,158
158,158,58,58
58,58,165,165
165,165,58,58
58,58,171,171
171,171,58,58
58,58,177,177
177,177,58,58
58,58,184,184
184,184,58,58
58,58,194,194
194,194,58,58
59,59,68,68
68,68,59,59
59,59,76,76
76,76,59,59
59,59,82,82
82,82,59,59
59,59,108,108
108,108,59,59
59,59,155,155
155,155,59,59
59,59,160,160
160,160,59,59
59,59,166,166
166,166,59,59
59,59,172,172
172,172,59,59
59,59,179,179
179,179,59,59
59,59,187,187
187,187,59,59
59,59,189,189
189,189,59,59
59,59,195,195
195,195,59,59
59,59,201,201
201,201,59,59
59,59,206,206
206,206,59,59
59,59,210,210
210,210,59,59
59,59,215,215
215,215,59,59
59,59,220,220
220,220,59,59
59,59,226,226
226,226,59,59
59,59,231,231
231,231,59,59
59,59,236,236
236,236,59,59
59,59,241,241
241,241,59,59
59,59,246,246
246,246,59,59
59,59,259,259
259,259,59,59
59,59,268,268
268,268,59,59
59,59,274,274
274,274,59,59
59,59,284,284
284,284,59,59
61,61,69,69
69,69,61,61
62,62,70,70
70,70,62,62
62,62,77,77
77,77,62,62
62,62,156,156
156,156,62,62
63,63,71,71
71,71,63,63
63,63,78,78
78,78,63,63
63,63,88,88
88,88,63,63
63,63,107,107
107,107,63,63
63,63,159,159
159,159,63,63
63,63,162,162
162,162,63,63
63,63,174,174
174,174,63,63
63,63,181,181
181,181,63,63
63,63,191,191
191,191,63,63
65,65,75,75
75,75,65,65
65,65,81,81
81,81,65,65
65,65,90,90
90,90,65,65
65,65,105,105
105,105,65,65
65,65,157,157
157,157,65,65
65,65,164,164
164,164,65,65
65,65,170,170
170,170,65,65
65,65,176,176
176,176,65,65
65,65,183,183
183,183,65,65
65,65,185,185
185,185,65,65
65,65,193,193
193,193,65,65
65,65,199,199
199,199,65,65
65,65,202,202
202,202,65,65
65,65,207,207
207,207,65,65
65,65,211,211
211,211,65,65
65,65,224,224
224,224,65,65
65,65,227,227
227,227,65,65
65,65,237,237
237,237,65,65
65,65,242,242
242,242,65,65
65,65,250,250
250,250,65,65
65,65,261,261
261,261,65,65
65,65,273,273
273,273,65,65
65,65,277,277
277,277,65,65
65,65,278,278
278,278,65,65
66,66,67,67
67,67,66,66
66,66,92,92
92,92,66,66
66,66,158,158
158,158,66,66
66,66,165,165
165,165,66,66
66,66,171,171
171,171,66,66
66,66,177,177
177,177,66,66
66,66,184,184
184,184,66,66
66,66,194,194
194,194,66,66
67,67,92,92
92,92,67,67
67,67,158,158
158,158,67,67
67,67,165,165
165,165,67,67
67,67,171,171
171,171,67,67
67,67,177,177
177,177,67,67
67,67,184,184
184,184,67,67
67,67,194,194
194,194,67,67
68,68,76,76
76,76,68,68
68,68,82,82
82,82,68,68
68,68,108,108
108,108,68,68
68,68,155,155
155,155,68,68
68,68,160,160
160,160,68,68
68,68,166,166
166,166,68,68
68,68,172,172
172,172,68,68
68,68,179,179
179,179,68,68
68,68,187,187
187,187,68,68
68,68,189,189
189,189,68,68
68,68,195,195
195,195,68,68
68,68,201,201
201,201,68,68
68,68,206,206
206,206,68,68
68,68,210,210
210,210,68,68
68,68,215,215
215,215,68,68
68,68,220,220
220,220,68,68
68,68,226,226
226,226,68,68
68,68,231,231
231,231,68,68
68,68,236,236
236,236,68,68
68,68,241,241
241,241,68,68
68,68,246,246
246,246,68,68
68,68,259,259
259,259,68,68
68,68,268,268
268,268,68,68
68,68,274,274
274,274,68,68
68,68,284,284
284,284,68,68
70,70,77,77
77,77,70,70
70,70,156,156
156,156,70,70
71,71,78,78
78,78,71,71
71,71,88,88
88,88,71,71
71,71,107,107
107,107,71,71
71,71,159,159
159,159,71,71
71,71,162,162
162,162,71,71
71,71,174,174
174,174,71,71
71,71,181,181
181,181,71,71
71,71,191,191
191,191,71,71
72,72,79,79
79,79,72,72
73,73,80,80
80,80,73,73
75,75,81,81
81,81,75,75
75,75,90,90
90,90,75,75
75,75,105,105
105,105,75,75
75,75,157,157
157,157,75,75
75,75,164,164
164,164,75,75
75,75,170,170
170,170,75,75
75,75,176,176
176,176,75,75
75,75,183,183
183,183,75,75
75,75,185,185
185,185,75,75
75,75,193,193
193,193,75,75
75,75,207,207
207,207,75,75
75,75,211,211
211,211,75,75
75,75,224,224
224,224,75,75
75,75,227,227
227,227,75,75
75,75,237,237
237,237,75,75
75,75,242,242
242,242,75,75
75,75,250,250
250,250,75,75
75,75,261,261
261,261,75,75
75,75,273,273
273,273,75,75
75,75,277,277
277,277,75,75
75,75,278,278
278,278,75,75
76,76,82,82
82,82,76,76
76,76,108,108
108,108,76,76
76,76,155,155
155,155,76,76
76,76,160,160
160,160,76,76
76,76,166,166
166,166,76,76
76,76,172,172
172,172,76,76
76,76,179,179
179,179,76,76
76,76,187,187
187,187,76,76
76,76,189,189
189,189,76,76
76,76,195,195
195,195,76,76
76,76,201,201
201,201,76,76
76,76,206,206
206,206,76,76
76,76,210,210
210,210,76,76
76,76,215,215
215,215,76,76
76,76,220,220
220,220,76,76
76,76,226,226
226,226,76,76
76,76,231,231
231,231,76,76
76,76,236,236
236,236,76,76
76,76,241,241
241,241,76,76
76,76,246,246
246,246,76,76
76,76,259,259
259,259,76,76
76,76,268,268
268,268,76,76
76,76,274,274
274,274,76,76
76,76,284,284
284,284,76,76
77,77,156,156
156,156,77,77
78,78,88,88
88,88,78,78
78,78,107,107
107,107,78,78
78,78,159,159
159,159,78,78
78,78,162,162
162,162,78,78
78,78,174,174
174,174,78,78
78,78,181,181
181,181,78,78
78,78,191,191
191,191,78,78
81,81,90,90
90,90,81,81
81,81,105,105
105,105,81,81
81,81,157,157
157,157,81,81
81,81,164,164
164,164,81,81
81,81,170,170
170,170,81,81
81,81,176,176
176,176,81,81
81,81,183,183
183,183,81,81
81,81,185,185
185,185,81,81
81,81,193,193
193,193,81,81
81,81,199,199
199,199,81,81
81,81,202,202
202,202,81,81
81,81,207,207
207,207,81,81
81,81,211,211
211,211,81,81
81,81,224,224
224,224,81,81
81,81,227,227
227,227,81,81
81,81,237,237
237,237,81,81
81,81,242,242
242,242,81,81
81,81,250,250
250,250,81,81
81,81,261,261
261,261,81,81
81,81,273,273
273,273,81,81
81,81,277,277
277,277,81,81
81,81,278,278
278,278,81,81
82,82,108,108
108,108,82,82
82,82,155,155
155,155,82,82
82,82,160,160
160,160,82,82
82,82,166,166
166,166,82,82
82,82,172,172
172,172,82,82
82,82,179,179
179,179,82,82
82,82,187,187
187,187,82,82
82,82,189,189
189,189,82,82
82,82,195,195
195,195,82,82
82,82,201,201
201,201,82,82
82,82,206,206
206,206,82,82
82,82,210,210
210,210,82,82
82,82,215,215
215,215,82,82
82,82,226,226
226,226,82,82
82,82,231,231
231,231,82,82
82,82,236,236
236,236,82,82
82,82,241,241
241,241,82,82
82,82,246,246
246,246,82,82
82,82,259,259
259,259,82,82
82,82,268,268
268,268,82,82
82,82,274,274
274,274,82,82
82,82,284,284
284,284,82,82
88,88,107,107
107,107,88,88
88,88,159,159
159,159,88,88
88,88,162,162
162,162,88,88
90,90,105,105
105,105,90,90
90,90,157,157
157,157,90,90
90,90,176,176
176,176,90,90
90,90,183,183
183,183,90,90
90,90,199,199
199,199,90,90
90,90,207,207
207,207,90,90
90,90,211,211
211,211,90,90
90,90,227,227
227,227,90,90
90,90,237,237
237,237,90,90
90,90,261,261
261,261,90,90
90,90,273,273
273,273,90,90
90,90,277,277
277,277,90,90
90,90,278,278
278,278,90,90
92,92,171,171
171,171,92,92
92,92,177,177
177,177,92,92
94,94,111,111
111,111,94,94
94,94,122,122
122,122,94,94
94,94,133,133
133,133,94,94
94,94,144,144
144,144,94,94
96,96,113,113
113,113,96,96
96,96,124,124
124,124,96,96
96,96,135,135
135,135,96,96
96,96,146,146
146,146,96,96
97,97,114,114
114,114,97,97
97,97,125,125
125,125,97,97
97,97,136,136
136,136,97,97
97,97,147,147
147,147,97,97
98,98,115,115
115,115,98,98
98,98,126,126
126,126,98,98
98,98,137,137
137,137,98,98
98,98,148,148
148,148,98,98
99,99,116,116
116,116,99,99
99,99,127,127
127,127,99,99
99,99,138,138
138,138,99,99
99,99,149,149
149,149,99,99
100,100,117,117
117,117,100,100
100,100,128,128
128,128,100,100
100,100,139,139
139,139,100,100
100,100,150,150
150,150,100,100
101,101,118,118
118,118,101,101
101,101,129,129
129,129,101,101
101,101,140,140
140,140,101,101
101,101,151,151
151,151,101,101
102,102,119,119
119,119,102,102
102,102,130,130
130,130,102,102
102,102,141,141
141,141,102,102
102,102,152,152
152,152,102,102
103,103,120,120
120,120,103,103
103,103,131,131
131,131,103,103
103,103,142,142
142,142,103,103
103,103,153,153
153,153,103,103
104,104,121,121
121,121,104,104
104,104,132,132
132,132,104,104
104,104,143,143
143,143,104,104
104,104,154,154
154,154,104,104
105,105,157,157
157,157,105,105
105,105,164,164
164,164,105,105
105,105,170,170
170,170,105,105
105,105,176,176
176,176,105,105
105,105,183,183
183,183,105,105
105,105,185,185
185,185,105,105
105,105,193,193
193,193,105,105
105,105,199,199
199,199,105,105
105,105,202,202
202,202,105,105
105,105,207,207
207,207,105,105
105,105,211,211
211,211,105,105
105,105,216,216
216,216,105,105
105,105,224,224
224,224,105,105
105,105,227,227
227,227,105,105
105,105,232,232
232,232,105,105
105,105,237,237
237,237,105,105
105,105,242,242
242,242,105,105
105,105,250,250
250,250,105,105
105,105,261,261
261,261,105,105
105,105,273,273
273,273,105,105
105,105,277,277
277,277,105,105
105,105,278,278
278,278,105,105
107,107,159,159
159,159,107,107
107,107,162,162
162,162,107,107
107,107,168,168
168,168,107,107
107,107,174,174
174,174,107,107
107,107,181,181
181,181,107,107
107,107,191,191
191,191,107,107
108,108,155,155
155,155,108,108
108,108,160,160
160,160,108,108
108,108,166,166
166,166,108,108
108,108,172,172
172,172,108,108
108,108,179,179
179,179,108,108
108,108,187,187
187,187,108,108
108,108,189,189
189,189,108,108
108,108,195,195
195,195,108,108
108,108,201,201
201,201,108,108
108,108,206,206
206,206,108,108
108,108,210,210
210,210,108,108
108,108,215,215
215,215,108,108
108,108,220,220
220,220,108,108
108,108,226,226
226,226,108,108
108,108,231,231
231,231,108,108
108,108,236,236
236,236,108,108
108,108,241,241
241,241,108,108
108,108,246,246
246,246,108,108
108,108,259,259
259,259,108,108
108,108,268,268
268,268,108,108
108,108,274,274
274,274,108,108
108,108,284,284
284,284,108,108
111,111,122,122
122,122,111,111
111,111,133,133
133,133,111,111
111,111,144,144
144,144,111,111
113,113,124,124
124,124,113,113
113,113,135,135
135,135,113,113
113,113,146,146
146,146,113,113
114,114,125,125
125,125,114,114
114,114,136,136
136,136,114,114
114,114,147,147
147,147,114,114
115,115,126,126
126,126,115,115
115,115,137,137
137,137,115,115
115,115,148,148
148,148,115,115
116,116,127,127
127,127,116,116
116,116,138,138
138,138,116,116
116,116,149,149
149,149,116,116
117,117,128,128
128,128,117,117
117,117,139,139
139,139,117,117
117,117,150,150
150,150,117,117
118,118,140,140
140,140,118,118
118,118,151,151
151,151,118,118
119,119,130,130
130,130,119,119
119,119,141,141
141,141,119,119
119,119,152,152
152,152,119,119
120,120,131,131
131,131,120,120
120,120,142,142
142,142,120,120
120,120,153,153
153,153,120,120
121,121,132,132
132,132,121,121
121,121,143,143
143,143,121,121
121,121,154,154
154,154,121,121
122,122,133,133
133,133,122,122
122,122,144,144
144,144,122,122
124,124,135,135
135,135,124,124
124,124,146,146
146,146,124,124
125,125,136,136
136,136,125,125
125,125,147,147
147,147,125,125
126,126,137,137
137,137,126,126
126,126,148,148
148,148,126,126
127,127,138,138
138,138,127,127
127,127,149,149
149,149,127,127
128,128,139,139
139,139,128,128
128,128,150,150
150,150,128,128
130,130,141,141
141,141,130,130
130,130,152,152
152,152,130,130
131,131,142,142
142,142,131,131
131,131,153,153
153,153,131,131
132,132,143,143
143,143,132,132
132,132,154,154
154,154,132,132
133,133,144,144
144,144,133,133
135,135,146,146
146,146,135,135
136,136,147,147
147,147,136,136
137,137,148,148
148,148,137,137
138,138,149,149
149,149,138,138
139,139,150,150
150,150,139,139
140,140,151,151
151,151,140,140
141,141,152,152
152,152,141,141
142,142,153,153
153,153,142,142
143,143,154,154
154,154,143,143
155,155,160,160
160,160,155,155
155,155,166,166
166,166,155,155
155,155,172,172
172,172,155,155
155,155,179,179
179,179,155,155
155,155,187,187
187,187,155,155
155,155,189,189
189,189,155,155
155,155,195,195
195,195,155,155
155,155,201,201
201,201,155,155
155,155,206,206
206,206,155,155
155,155,210,210
210,210,155,155
155,155,215,215
215,215,155,155
155,155,220,220
220,220,155,155
155,155,226,226
226,226,155,155
155,155,231,231
231,231,155,155
155,155,236,236
236,236,155,155
155,155,241,241
241,241,155,155
155,155,246,246
246,246,155,155
155,155,259,259
259,259,155,155
155,155,268,268
268,268,155,155
155,155,274,274
274,274,155,155
155,155,284,284
284,284,155,155
156,156,173,173
173,173,156,156
157,157,164,164
164,164,157,157
157,157,170,170
170,170,157,157
157,157,176,176
176,176,157,157
157,157,183,183
183,183,157,157
157,157,185,185
185,185,157,157
157,157,193,193
193,193,157,157
157,157,207,207
207,207,157,157
157,157,211,211
211,211,157,157
157,157,216,216
216,216,157,157
157,157,224,224
224,224,157,157
157,157,227,227
227,227,157,157
157,157,237,237
237,237,157,157
157,157,242,242
242,242,157,157
157,157,250,250
250,250,157,157
157,157,273,273
273,273,157,157
157,157,277,277
277,277,157,157
157,157,278,278
278,278,157,157
158,158,171,171
171,171,158,158
159,159,162,162
162,162,159,159
159,159,168,168
168,168,159,159
159,159,174,174
174,174,159,159
159,159,181,181
181,181,159,159
159,159,191,191
191,191,159,159
160,160,166,166
166,166,160,160
160,160,172,172
172,172,160,160
160,160,179,179
179,179,160,160
160,160,187,187
187,187,160,160
160,160,189,189
189,189,160,160
160,160,195,195
195,195,160,160
160,160,201,201
201,201,160,160
160,160,206,206
206,206,160,160
160,160,210,210
210,210,160,160
160,160,215,215
215,215,160,160
160,160,220,220
220,220,160,160
160,160,226,226
226,226,160,160
160,160,231,231
231,231,160,160
160,160,236,236
236,236,160,160
160,160,241,241
241,241,160,160
160,160,246,246
246,246,160,160
160,160,259,259
259,259,160,160
160,160,268,268
268,268,160,160
160,160,274,274
274,274,160,160
160,160,284,284
284,284,160,160
162,162,168,168
168,168,162,162
162,162,174,174
174,174,162,162
162,162,181,181
181,181,162,162
162,162,191,191
191,191,162,162
163,163,182,182
182,182,163,163
164,164,170,170
170,170,164,164
164,164,176,176
176,176,164,164
164,164,183,183
183,183,164,164
164,164,185,185
185,185,164,164
164,164,193,193
193,193,164,164
164,164,202,202
202,202,164,164
164,164,207,207
207,207,164,164
164,164,224,224
224,224,164,164
164,164,227,227
227,227,164,164
164,164,237,237
237,237,164,164
164,164,242,242
242,242,164,164
164,164,250,250
250,250,164,164
164,164,261,261
261,261,164,164
164,164,273,273
273,273,164,164
164,164,277,277
277,277,164,164
164,164,278,278
278,278,164,164
165,165,171,171
171,171,165,165
165,165,177,177
177,177,165,165
165,165,184,184
184,184,165,165
166,166,172,172
172,172,166,166
166,166,179,179
179,179,166,166
166,166,187,187
187,187,166,166
166,166,189,189
189,189,166,166
166,166,195,195
195,195,166,166
166,166,201,201
201,201,166,166
166,166,206,206
206,206,166,166
166,166,210,210
210,210,166,166
166,166,215,215
215,215,166,166
166,166,220,220
220,220,166,166
166,166,226,226
226,226,166,166
166,166,231,231
231,231,166,166
166,166,236,236
236,236,166,166
166,166,241,241
241,241,166,166
166,166,246,246
246,246,166,166
166,166,259,259
259,259,166,166
166,166,268,268
268,268,166,166
166,166,274,274
274,274,166,166
166,166,284,284
284,284,166,166
168,168,174,174
174,174,168,168
168,168,181,181
181,181,168,168
168,168,191,191
191,191,168,168
170,170,176,176
176,176,170,170
170,170,183,183
183,183,170,170
170,170,185,185
185,185,170,170
170,170,193,193
193,193,170,170
170,170,207,207
207,207,170,170
170,170,224,224
224,224,170,170
170,170,242,242
242,242,170,170
170,170,250,250
250,250,170,170
170,170,273,273
273,273,170,170
170,170,277,277
277,277,170,170
170,170,278,278
278,278,170,170
171,171,177,177
177,177,171,171
171,171,184,184
184,184,171,171
171,171,186,186
186,186,171,171
171,171,194,194
194,194,171,171
172,172,179,179
179,179,172,172
172,172,187,187
187,187,172,172
172,172,189,189
189,189,172,172
172,172,195,195
195,195,172,172
172,172,201,201
201,201,172,172
172,172,206,206
206,206,172,172
172,172,210,210
210,210,172,172
172,172,215,215
215,215,172,172
172,172,220,220
220,220,172,172
172,172,226,226
226,226,172,172
172,172,231,231
231,231,172,172
172,172,236,236
236,236,172,172
172,172,241,241
241,241,172,172
172,172,246,246
246,246,172,172
172,172,259,259
259,259,172,172
172,172,268,268
268,268,172,172
172,172,274,274
274,274,172,172
172,172,284,284
284,284,172,172
173,173,180,180
180,180,173,173
173,173,244,244
244,244,173,173
174,174,181,181
181,181,174,174
174,174,191,191
191,191,174,174
176,176,183,183
183,183,176,176
176,176,185,185
185,185,176,176
176,176,193,193
193,193,176,176
176,176,199,199
199,199,176,176
176,176,207,207
207,207,176,176
176,176,211,211
211,211,176,176
176,176,224,224
224,224,176,176
176,176,227,227
227,227,176,176
176,176,232,232
232,232,176,176
176,176,237,237
237,237,176,176
176,176,242,242
242,242,176,176
176,176,250,250
250,250,176,176
176,176,261,261
261,261,176,176
176,176,273,273
273,273,176,176
176,176,277,277
277,277,176,176
176,176,278,278
278,278,176,176
177,177,184,184
184,184,177,177
177,177,186,186
186,186,177,177
177,177,194,194
194,194,177,177
179,179,187,187
187,187,179,179
179,179,189,189
189,189,179,179
179,179,195,195
195,195,179,179
179,179,201,201
201,201,179,179
179,179,206,206
206,206,179,179
179,179,210,210
210,210,179,179
179,179,215,215
215,215,179,179
179,179,220,220
220,220,179,179
179,179,226,226
226,226,179,179
179,179,231,231
231,231,179,179
179,179,236,236
236,236,179,179
179,179,241,241
241,241,179,179
179,179,246,246
246,246,179,179
179,179,259,259
259,259,179,179
179,179,268,268
268,268,179,179
179,179,274,274
274,274,179,179
179,179,284,284
284,284,179,179
181,181,191,191
191,191,181,181
183,183,185,185
185,185,183,183
183,183,193,193
193,193,183,183
183,183,202,202
202,202,183,183
183,183,207,207
207,207,183,183
183,183,216,216
216,216,183,183
183,183,227,227
227,227,183,183
183,183,237,237
237,237,183,183
183,183,242,242
242,242,183,183
183,183,250,250
250,250,183,183
183,183,261,261
261,261,183,183
183,183,273,273
273,273,183,183
183,183,277,277
277,277,183,183
183,183,278,278
278,278,183,183
184,184,186,186
186,186,184,184
184,184,194,194
194,194,184,184
185,185,193,193
193,193,185,185
185,185,242,242
242,242,185,185
185,185,250,250
250,250,185,185
185,185,273,273
273,273,185,185
185,185,277,277
277,277,185,185
185,185,278,278
278,278,185,185
187,187,189,189
189,189,187,187
187,187,195,195
195,195,187,187
187,187,201,201
201,201,187,187
187,187,206,206
206,206,187,187
187,187,210,210
210,210,187,187
187,187,215,215
215,215,187,187
187,187,220,220
220,220,187,187
187,187,226,226
226,226,187,187
187,187,231,231
231,231,187,187
187,187,236,236
236,236,187,187
187,187,241,241
241,241,187,187
187,187,246,246
246,246,187,187
187,187,259,259
259,259,187,187
187,187,268,268
268,268,187,187
187,187,274,274
274,274,187,187
187,187,284,284
284,284,187,187
188,188,260,260
260,260,188,188
189,189,195,195
195,195,189,189
189,189,201,201
201,201,189,189
189,189,206,206
206,206,189,189
189,189,210,210
210,210,189,189
189,189,215,215
215,215,189,189
189,189,220,220
220,220,189,189
189,189,226,226
226,226,189,189
189,189,231,231
231,231,189,189
189,189,236,236
236,236,189,189
189,189,241,241
241,241,189,189
189,189,246,246
246,246,189,189
189,189,259,259
259,259,189,189
189,189,268,268
268,268,189,189
189,189,274,274
274,274,189,189
189,189,284,284
284,284,189,189
193,193,211,211
211,211,193,193
193,193,242,242
242,242,193,193
193,193,250,250
250,250,193,193
193,193,261,261
261,261,193,193
193,193,273,273
273,273,193,193
193,193,277,277
277,277,193,193
193,193,278,278
278,278,193,193
195,195,201,201
201,201,195,195
195,195,206,206
206,206,195,195
195,195,210,210
210,210,195,195
195,195,215,215
215,215,195,195
195,195,220,220
220,220,195,195
195,195,226,226
226,226,195,195
195,195,231,231
231,231,195,195
195,195,236,236
236,236,195,195
195,195,241,241
241,241,195,195
195,195,246,246
246,246,195,195
195,195,259,259
259,259,195,195
195,195,268,268
268,268,195,195
195,195,274,274
274,274,195,195
195,195,284,284
284,284,195,195
196,196,243,243
243,243,196,196
198,198,209,209
209,209,198,198
198,198,222,222
222,222,198,198
198,198,244,244
244,244,198,198
199,199,202,202
202,202,199,199
199,199,207,207
207,207,199,199
199,199,211,211
211,211,199,199
199,199,216,216
216,216,199,199
199,199,224,224
224,224,199,199
199,199,227,227
227,227,199,199
199,199,232,232
232,232,199,199
199,199,237,237
237,237,199,199
199,199,242,242
242,242,199,199
199,199,250,250
250,250,199,199
199,199,261,261
261,261,199,199
199,199,273,273
273,273,199,199
199,199,277,277
277,277,199,199
201,201,206,206
206,206,201,201
201,201,210,210
210,210,201,201
201,201,215,215
215,215,201,201
201,201,220,220
220,220,201,201
201,201,226,226
226,226,201,201
201,201,231,231
231,231,201,201
201,201,236,236
236,236,201,201
201,201,241,241
241,241,201,201
201,201,246,246
246,246,201,201
201,201,259,259
259,259,201,201
201,201,268,268
268,268,201,201
201,201,274,274
274,274,201,201
201,201,284,284
284,284,201,201
202,202,207,207
207,207,202,202
202,202,211,211
211,211,202,202
202,202,216,216
216,216,202,202
202,202,224,224
224,224,202,202
202,202,227,227
227,227,202,202
202,202,232,232
232,232,202,202
202,202,237,237
237,237,202,202
202,202,242,242
242,242,202,202
202,202,261,261
261,261,202,202
202,202,273,273
273,273,202,202
202,202,277,277
277,277,202,202
203,203,212,212
212,212,203,203
203,203,217,217
217,217,203,203
205,205,214,214
214,214,205,205
205,205,219,219
219,219,205,205
205,205,230,230
230,230,205,205
205,205,235,235
235,235,205,205
205,205,240,240
240,240,205,205
206,206,210,210
210,210,206,206
206,206,215,215
215,215,206,206
206,206,220,220
220,220,206,206
206,206,226,226
226,226,206,206
206,206,231,231
231,231,206,206
206,206,236,236
236,236,206,206
206,206,241,241
241,241,206,206
206,206,246,246
246,246,206,206
206,206,259,259
259,259,206,206
206,206,268,268
268,268,206,206
206,206,274,274
274,274,206,206
206,206,284,284
284,284,206,206
207,207,211,211
211,211,207,207
207,207,216,216
216,216,207,207
207,207,224,224
224,224,207,207
207,207,227,227
227,227,207,207
207,207,232,232
232,232,207,207
207,207,237,237
237,237,207,207
207,207,242,242
242,242,207,207
207,207,250,250
250,250,207,207
207,207,261,261
261,261,207,207
207,207,273,273
273,273,207,207
207,207,277,277
277,277,207,207
207,207,278,278
278,278,207,207
208,208,212,212
212,212,208,208
208,208,217,217
217,217,208,208
209,209,214,214
214,214,209,209
209,209,235,235
235,235,209,209
209,209,240,240
240,240,209,209
209,209,244,244
244,244,209,209
210,210,215,215
215,215,210,210
210,210,220,220
220,220,210,210
210,210,226,226
226,226,210,210
210,210,231,231
231,231,210,210
210,210,236,236
236,236,210,210
210,210,241,241
241,241,210,210
210,210,246,246
246,246,210,210
210,210,259,259
259,259,210,210
210,210,268,268
268,268,210,210
210,210,274,274
274,274,210,210
210,210,284,284
284,284,210,210
211,211,216,216
216,216,211,211
211,211,224,224
224,224,211,211
211,211,227,227
227,227,211,211
211,211,232,232
232,232,211,211
211,211,237,237
237,237,211,211
211,211,242,242
242,242,211,211
211,211,250,250
250,250,211,211
211,211,261,261
261,261,211,211
211,211,273,273
273,273,211,211
211,211,277,277
277,277,211,211
211,211,278,278
278,278,211,211
212,212,217,217
217,217,212,212
214,214,219,219
219,219,214,214
214,214,230,230
230,230,214,214
214,214,235,235
235,235,214,214
214,214,240,240
240,240,214,214
214,214,244,244
244,244,214,214
215,215,220,220
220,220,215,215
215,215,226,226
226,226,215,215
215,215,231,231
231,231,215,215
215,215,236,236
236,236,215,215
215,215,241,241
241,241,215,215
215,215,246,246
246,246,215,215
215,215,259,259
259,259,215,215
215,215,268,268
268,268,215,215
215,215,274,274
274,274,215,215
215,215,284,284
284,284,215,215
216,216,224,224
224,224,216,216
216,216,227,227
227,227,216,216
216,216,232,232
232,232,216,216
216,216,237,237
237,237,216,216
216,216,242,242
242,242,216,216
216,216,250,250
250,250,216,216
216,216,273,273
273,273,216,216
216,216,277,277
277,277,216,216
216,216,278,278
278,278,216,216
217,217,233,233
233,233,217,217
218,218,229,229
229,229,218,218
218,218,234,234
234,234,218,218
218,218,239,239
239,239,218,218
219,219,230,230
230,230,219,219
219,219,240,240
240,240,219,219
219,219,244,244
244,244,219,219
219,219,276,276
276,276,219,219
220,220,226,226
226,226,220,220
220,220,231,231
231,231,220,220
220,220,236,236
236,236,220,220
220,220,241,241
241,241,220,220
220,220,246,246
246,246,220,220
220,220,259,259
259,259,220,220
220,220,268,268
268,268,220,220
220,220,274,274
274,274,220,220
220,220,284,284
284,284,220,220
224,224,227,227
227,227,224,224
224,224,232,232
232,232,224,224
224,224,237,237
237,237,224,224
224,224,242,242
242,242,224,224
224,224,250,250
250,250,224,224
224,224,261,261
261,261,224,224
224,224,273,273
273,273,224,224
224,224,277,277
277,277,224,224
224,224,278,278
278,278,224,224
226,226,231,231
231,231,226,226
226,226,236,236
236,236,226,226
226,226,241,241
241,241,226,226
226,226,246,246
246,246,226,226
226,226,259,259
259,259,226,226
226,226,268,268
268,268,226,226
226,226,274,274
274,274,226,226
226,226,284,284
284,284,226,226
227,227,232,232
232,232,227,227
227,227,237,237
237,237,227,227
227,227,242,242
242,242,227,227
227,227,250,250
250,250,227,227
227,227,261,261
261,261,227,227
227,227,273,273
273,273,227,227
227,227,277,277
277,277,227,227
227,227,278,278
278,278,227,227
229,229,234,234
234,234,229,229
229,229,239,239
239,239,229,229
230,230,235,235
235,235,230,230
230,230,240,240
240,240,230,230
230,230,244,244
244,244,230,230
231,231,236,236
236,236,231,231
231,231,241,241
241,241,231,231
231,231,246,246
246,246,231,231
231,231,259,259
259,259,231,231
231,231,268,268
268,268,231,231
231,231,274,274
274,274,231,231
231,231,284,284
284,284,231,231
232,232,237,237
237,237,232,232
232,232,242,242
242,242,232,232
232,232,261,261
261,261,232,232
232,232,273,273
273,273,232,232
232,232,277,277
277,277,232,232
232,232,278,278
278,278,232,232
234,234,239,239
239,239,234,234
235,235,240,240
240,240,235,235
235,235,244,244
244,244,235,235
236,236,241,241
241,241,236,236
236,236,246,246
246,246,236,236
236,236,259,259
259,259,236,236
236,236,268,268
268,268,236,236
236,236,274,274
274,274,236,236
236,236,284,284
284,284,236,236
237,237,242,242
242,242,237,237
237,237,250,250
250,250,237,237
237,237,261,261
261,261,237,237
237,237,273,273
273,273,237,237
237,237,277,277
277,277,237,237
237,237,278,278
278,278,237,237
240,240,244,244
244,244,240,240
241,241,246,246
246,246,241,241
241,241,259,259
259,259,241,241
241,241,268,268
268,268,241,241
241,241,274,274
274,274,241,241
241,241,284,284
284,284,241,241
242,242,250,250
250,250,242,242
242,242,261,261
261,261,242,242
242,242,273,273
273,273,242,242
242,242,277,277
277,277,242,242
242,242,278,278
278,278,242,242
243,243,275,275
275,275,243,243
244,244,272,272
272,272,244,244
246,246,259,259
259,259,246,246
246,246,268,268
268,268,246,246
246,246,274,274
274,274,246,246
246,246,284,284
284,284,246,246
250,250,273,273
273,273,250,250
250,250,277,277
277,277,250,250
250,250,278,278
278,278,250,250
259,259,268,268
268,268,259,259
259,259,274,274
274,274,259,259
259,259,284,284
284,284,259,259
261,261,273,273
273,273,261,261
261,261,277,277
277,277,261,261
261,261,278,278
278,278,261,261
268,268,274,274
274,274,268,268
268,268,284,284
284,284,268,268
269,269,275,275
275,275,269,269
272,272,276,276
276,276,272,272
273,273,277,277
277,277,273,273
273,273,278,278
278,278,273,273
274,274,284,284
284,284,274,274
277,277,278,278
278,278,277,277
