1,1,7,7
7,7,1,1
1,1,13,13
13,13,1,1
1,1,19,19
19,19,1,1
1,1,23,23
23,23,1,1
1,1,27,27
27,27,1,1
1,1,65,65
65,65,1,1
1,1,68,68
68,68,1,1
1,1,74,74
74,74,1,1
1,1,83,83
83,83,1,1
1,1,91,91
91,91,1,1
1,1,101,101
101,101,1,1
1,1,107,107
107,107,1,1
1,1,116,116
116,116,1,1
1,1,150,150
150,150,1,1
1,1,303,303
303,303,1,1
1,1,310,310
310,310,1,1
1,1,316,316
316,316,1,1
1,1,322,322
322,322,1,1
1,1,329,329
329,329,1,1
1,1,331,331
331,331,1,1
1,1,339,339
339,339,1,1
1,1,345,345
345,345,1,1
1,1,348,348
348,348,1,1
1,1,353,353
353,353,1,1
1,1,357,357
357,357,1,1
1,1,362,362
362,362,1,1
1,1,370,370
370,370,1,1
1,1,373,373
373,373,1,1
1,1,378,378
378,378,1,1
1,1,383,383
383,383,1,1
1,1,388,388
388,388,1,1
1,1,396,396
396,396,1,1
1,1,407,407
407,407,1,1
1,1,419,419
419,419,1,1
1,1,423,423
423,423,1,1
1,1,424,424
424,424,1,1
2,2,15,15
15,15,2,2
2,2,24,24
24,24,2,2
2,2,35,35
35,35,2,2
2,2,332,332
332,332,2,2
2,2,340,340
340,340,2,2
3,3,25,25
25,25,3,3
3,3,69,69
69,69,3,3
5,5,11,11
11,11,5,5
5,5,17,17
17,17,5,5
5,5,20,20
20,20,5,5
5,5,28,28
28,28,5,5
5,5,67,67
67,67,5,5
5,5,70,70
70,70,5,5
5,5,76,76
76,76,5,5
5,5,77,77
77,77,5,5
5,5,85,85
85,85,5,5
5,5,94,94
94,94,5,5
5,5,102,102
102,102,5,5
5,5,108,108
108,108,5,5
5,5,153,153
153,153,5,5
5,5,301,301
301,301,5,5
5,5,306,306
306,306,5,5
5,5,312,312
312,312,5,5
5,5,318,318
318,318,5,5
5,5,325,325
325,325,5,5
5,5,333,333
333,333,5,5
5,5,335,335
335,335,5,5
5,5,341,341
341,341,5,5
5,5,347,347
347,347,5,5
5,5,352,352
352,352,5,5
5,5,356,356
356,356,5,5
5,5,361,361
361,361,5,5
5,5,366,366
366,366,5,5
5,5,372,372
372,372,5,5
5,5,377,377
377,377,5,5
5,5,382,382
382,382,5,5
5,5,387,387
387,387,5,5
5,5,392,392
392,392,5,5
5,5,405,405
405,405,5,5
5,5,414,414
414,414,5,5
5,5,420,420
420,420,5,5
5,5,430,430
430,430,5,5
7,7,19,19
19,19,7,7
7,7,23,23
23,23,7,7
7,7,27,27
27,27,7,7
7,7,65,65
65,65,7,7
7,7,68,68
68,68,7,7
7,7,74,74
74,74,7,7
7,7,83,83
83,83,7,7
7,7,91,91
91,91,7,7
7,7,101,101
101,101,7,7
7,7,107,107
107,107,7,7
7,7,150,150
150,150,7,7
7,7,303,303
303,303,7,7
7,7,310,310
310,310,7,7
7,7,316,316
316,316,7,7
7,7,322,322
322,322,7,7
7,7,329,329
329,329,7,7
7,7,331,331
331,331,7,7
7,7,339,339
339,339,7,7
7,7,370,370
370,370,7,7
7,7,396,396
396,396,7,7
7,7,407,407
407,407,7,7
7,7,419,419
419,419,7,7
7,7,423,423
423,423,7,7
7,7,424,424
424,424,7,7
9,9,34,34
34,34,9,9
9,9,66,66
66,66,9,9
9,9,75,75
75,75,9,9
9,9,81,81
81,81,9,9
9,9,89,89
89,89,9,9
9,9,97,97
97,97,9,9
9,9,104,104
104,104,9,9
9,9,152,152
152,152,9,9
9,9,305,305
305,305,9,9
9,9,308,308
308,308,9,9
9,9,314,314
314,314,9,9
9,9,327,327
327,327,9,9
9,9,337,337
337,337,9,9
11,11,17,17
17,17,11,11
11,11,20,20
20,20,11,11
11,11,28,28
28,28,11,11
11,11,67,67
67,67,11,11
11,11,70,70
70,70,11,11
11,11,76,76
76,76,11,11
11,11,77,77
77,77,11,11
11,11,85,85
85,85,11,11
11,11,94,94
94,94,11,11
11,11,102,102
102,102,11,11
11,11,108,108
108,108,11,11
11,11,153,153
153,153,11,11
11,11,301,301
301,301,11,11
11,11,306,306
306,306,11,11
11,11,312,312
312,312,11,11
11,11,318,318
318,318,11,11
11,11,325,325
325,325,11,11
11,11,333,333
333,333,11,11
11,11,335,335
335,335,11,11
11,11,341,341
341,341,11,11
11,11,347,347
347,347,11,11
11,11,352,352
352,352,11,11
11,11,356,356
356,356,11,11
11,11,361,361
361,361,11,11
11,11,366,366
366,366,11,11
11,11,372,372
372,372,11,11
11,11,377,377
377,377,11,11
11,11,382,382
382,382,11,11
11,11,387,387
387,387,11,11
11,11,392,392
392,392,11,11
11,11,405,405
405,405,11,11
11,11,414,414
414,414,11,11
11,11,420,420
420,420,11,11
11,11,430,430
430,430,11,11
13,13,19,19
19,19,13,13
13,13,23,23
23,23,13,13
13,13,27,27
27,27,13,13
13,13,65,65
65,65,13,13
13,13,68,68
68,68,13,13
13,13,74,74
74,74,13,13
13,13,83,83
83,83,13,13
13,13,91,91
91,91,13,13
13,13,101,101
101,101,13,13
13,13,107,107
107,107,13,13
13,13,150,150
150,150,13,13
13,13,303,303
303,303,13,13
13,13,316,316
316,316,13,13
13,13,322,322
322,322,13,13
13,13,329,329
329,329,13,13
13,13,331,331
331,331,13,13
13,13,339,339
339,339,13,13
13,13,345,345
345,345,13,13
13,13,348,348
348,348,13,13
13,13,353,353
353,353,13,13
13,13,357,357
357,357,13,13
13,13,362,362
362,362,13,13
13,13,370,370
370,370,13,13
13,13,373,373
373,373,13,13
13,13,383,383
383,383,13,13
13,13,388,388
388,388,13,13
13,13,407,407
407,407,13,13
13,13,419,419
419,419,13,13
13,13,423,423
423,423,13,13
13,13,424,424
424,424,13,13
14,14,338,338
338,338,14,14
15,15,24,24
24,24,15,15
15,15,35,35
35,35,15,15
15,15,84,84
84,84,15,15
15,15,92,92
92,92,15,15
15,15,93,93
93,93,15,15
15,15,317,317
317,317,15,15
15,15,323,323
323,323,15,15
15,15,330,330
330,330,15,15
15,15,332,332
332,332,15,15
16,16,25,25
25,25,16,16
16,16,69,69
69,69,16,16
16,16,337,337
337,337,16,16
17,17,20,20
20,20,17,17
17,17,28,28
28,28,17,17
17,17,67,67
67,67,17,17
17,17,70,70
70,70,17,17
17,17,76,76
76,76,17,17
17,17,77,77
77,77,17,17
17,17,85,85
85,85,17,17
17,17,94,94
94,94,17,17
17,17,102,102
102,102,17,17
17,17,108,108
108,108,17,17
17,17,153,153
153,153,17,17
17,17,301,301
301,301,17,17
17,17,306,306
306,306,17,17
17,17,312,312
312,312,17,17
17,17,318,318
318,318,17,17
17,17,325,325
325,325,17,17
17,17,333,333
333,333,17,17
17,17,335,335
335,335,17,17
17,17,341,341
341,341,17,17
17,17,347,347
347,347,17,17
17,17,352,352
352,352,17,17
17,17,356,356
356,356,17,17
17,17,361,361
361,361,17,17
17,17,366,366
366,366,17,17
17,17,372,372
372,372,17,17
17,17,377,377
377,377,17,17
17,17,382,382
382,382,17,17
17,17,387,387
387,387,17,17
17,17,392,392
392,392,17,17
17,17,405,405
405,405,17,17
17,17,414,414
414,414,17,17
17,17,420,420
420,420,17,17
17,17,430,430
430,430,17,17
19,19,23,23
23,23,19,19
19,19,27,27
27,27,19,19
19,19,65,65
65,65,19,19
19,19,68,68
68,68,19,19
19,19,74,74
74,74,19,19
19,19,83,83
83,83,19,19
19,19,91,91
91,91,19,19
19,19,101,101
101,101,19,19
19,19,107,107
107,107,19,19
19,19,116,116
116,116,19,19
19,19,150,150
150,150,19,19
19,19,303,303
303,303,19,19
19,19,310,310
310,310,19,19
19,19,316,316
316,316,19,19
19,19,322,322
322,322,19,19
19,19,329,329
329,329,19,19
19,19,331,331
331,331,19,19
19,19,339,339
339,339,19,19
19,19,345,345
345,345,19,19
19,19,348,348
348,348,19,19
19,19,353,353
353,353,19,19
19,19,357,357
357,357,19,19
19,19,362,362
362,362,19,19
19,19,373,373
373,373,19,19
19,19,378,378
378,378,19,19
19,19,383,383
383,383,19,19
19,19,388,388
388,388,19,19
19,19,407,407
407,407,19,19
19,19,419,419
419,419,19,19
19,19,423,423
423,423,19,19
19,19,424,424
424,424,19,19
20,20,67,67
67,67,20,20
20,20,70,70
70,70,20,20
20,20,76,76
76,76,20,20
20,20,77,77
77,77,20,20
20,20,153,153
153,153,20,20
20,20,301,301
301,301,20,20
20,20,318,318
318,318,20,20
20,20,325,325
325,325,20,20
20,20,333,333
333,333,20,20
20,20,341,341
341,341,20,20
20,20,356,356
356,356,20,20
20,20,366,366
366,366,20,20
20,20,377,377
377,377,20,20
20,20,405,405
405,405,20,20
20,20,420,420
420,420,20,20
20,20,430,430
430,430,20,20
23,23,27,27
27,27,23,23
23,23,65,65
65,65,23,23
23,23,68,68
68,68,23,23
23,23,74,74
74,74,23,23
23,23,83,83
83,83,23,23
23,23,91,91
91,91,23,23
23,23,101,101
101,101,23,23
23,23,107,107
107,107,23,23
23,23,116,116
116,116,23,23
23,23,150,150
150,150,23,23
23,23,303,303
303,303,23,23
23,23,310,310
310,310,23,23
23,23,316,316
316,316,23,23
23,23,322,322
322,322,23,23
23,23,329,329
329,329,23,23
23,23,331,331
331,331,23,23
23,23,339,339
339,339,23,23
23,23,345,345
345,345,23,23
23,23,348,348
348,348,23,23
23,23,353,353
353,353,23,23
23,23,357,357
357,357,23,23
23,23,362,362
362,362,23,23
23,23,370,370
370,370,23,23
23,23,373,373
373,373,23,23
23,23,378,378
378,378,23,23
23,23,383,383
383,383,23,23
23,23,388,388
388,388,23,23
23,23,396,396
396,396,23,23
23,23,407,407
407,407,23,23
23,23,419,419
419,419,23,23
23,23,423,423
423,423,23,23
23,23,424,424
424,424,23,23
24,24,35,35
35,35,24,24
24,24,84,84
84,84,24,24
24,24,92,92
92,92,24,24
24,24,93,93
93,93,24,24
24,24,330,330
330,330,24,24
24,24,332,332
332,332,24,24
25,25,69,69
69,69,25,25
27,27,65,65
65,65,27,27
27,27,68,68
68,68,27,27
27,27,74,74
74,74,27,27
27,27,83,83
83,83,27,27
27,27,91,91
91,91,27,27
27,27,101,101
101,101,27,27
27,27,107,107
107,107,27,27
27,27,116,116
116,116,27,27
27,27,150,150
150,150,27,27
27,27,303,303
303,303,27,27
27,27,310,310
310,310,27,27
27,27,316,316
316,316,27,27
27,27,322,322
322,322,27,27
27,27,329,329
329,329,27,27
27,27,331,331
331,331,27,27
27,27,339,339
339,339,27,27
27,27,345,345
345,345,27,27
27,27,348,348
348,348,27,27
27,27,353,353
353,353,27,27
27,27,357,357
357,357,27,27
27,27,362,362
362,362,27,27
27,27,370,370
370,370,27,27
27,27,373,373
373,373,27,27
27,27,383,383
383,383,27,27
27,27,388,388
388,388,27,27
27,27,407,407
407,407,27,27
27,27,419,419
419,419,27,27
27,27,423,423
423,423,27,27
27,27,424,424
424,424,27,27
28,28,67,67
67,67,28,28
28,28,70,70
70,70,28,28
28,28,76,76
76,76,28,28
28,28,77,77
77,77,28,28
28,28,85,85
85,85,28,28
28,28,94,94
94,94,28,28
28,28,102,102
102,102,28,28
28,28,108,108
108,108,28,28
28,28,153,153
153,153,28,28
28,28,301,301
301,301,28,28
28,28,306,306
306,306,28,28
28,28,312,312
312,312,28,28
28,28,318,318
318,318,28,28
28,28,325,325
325,325,28,28
28,28,333,333
333,333,28,28
28,28,335,335
335,335,28,28
28,28,341,341
341,341,28,28
28,28,347,347
347,347,28,28
28,28,352,352
352,352,28,28
28,28,356,356
356,356,28,28
28,28,361,361
361,361,28,28
28,28,366,366
366,366,28,28
28,28,372,372
372,372,28,28
28,28,377,377
377,377,28,28
28,28,382,382
382,382,28,28
28,28,387,387
387,387,28,28
28,28,392,392
392,392,28,28
28,28,405,405
405,405,28,28
28,28,414,414
414,414,28,28
28,28,420,420
420,420,28,28
28,28,430,430
430,430,28,28
32,32,80,80
80,80,32,32
32,32,88,88
88,88,32,32
32,32,96,96
96,96,32,32
32,32,103,103
103,103,32,32
32,32,313,313
313,313,32,32
34,34,66,66
66,66,34,34
34,34,75,75
75,75,34,34
34,34,81,81
81,81,34,34
34,34,89,89
89,89,34,34
34,34,97,97
97,97,34,34
34,34,104,104
104,104,34,34
34,34,152,152
152,152,34,34
34,34,305,305
305,305,34,34
34,34,314,314
314,314,34,34
34,34,320,320
320,320,34,34
34,34,327,327
327,327,34,34
34,34,337,337
337,337,34,34
35,35,84,84
84,84,35,35
35,35,92,92
92,92,35,35
35,35,93,93
93,93,35,35
35,35,118,118
118,118,35,35
35,35,304,304
304,304,35,35
35,35,311,311
311,311,35,35
35,35,317,317
317,317,35,35
35,35,323,323
323,323,35,35
35,35,330,330
330,330,35,35
35,35,332,332
332,332,35,35
38,38,51,51
51,51,38,38
39,39,52,52
52,52,39,39
40,40,53,53
53,53,40,40
41,41,54,54
54,54,41,41
42,42,55,55
55,55,42,42
43,43,56,56
56,56,43,43
44,44,57,57
57,57,44,44
45,45,58,58
58,58,45,45
46,46,59,59
59,59,46,46
47,47,60,60
60,60,47,47
48,48,61,61
61,61,48,48
49,49,62,62
62,62,49,49
50,50,63,63
63,63,50,50
64,64,73,73
73,73,64,64
65,65,68,68
68,68,65,65
65,65,74,74
74,74,65,65
65,65,83,83
83,83,65,65
65,65,91,91
91,91,65,65
65,65,101,101
101,101,65,65
65,65,107,107
107,107,65,65
65,65,150,150
150,150,65,65
65,65,303,303
303,303,65,65
65,65,310,310
310,310,65,65
65,65,316,316
316,316,65,65
65,65,322,322
322,322,65,65
65,65,329,329
329,329,65,65
65,65,331,331
331,331,65,65
65,65,339,339
339,339,65,65
65,65,353,353
353,353,65,65
65,65,370,370
370,370,65,65
65,65,388,388
388,388,65,65
65,65,396,396
396,396,65,65
65,65,407,407
407,407,65,65
65,65,419,419
419,419,65,65
65,65,423,423
423,423,65,65
65,65,424,424
424,424,65,65
66,66,75,75
75,75,66,66
66,66,81,81
81,81,66,66
66,66,89,89
89,89,66,66
66,66,97,97
97,97,66,66
66,66,104,104
104,104,66,66
66,66,114,114
114,114,66,66
66,66,152,152
152,152,66,66
66,66,305,305
305,305,66,66
66,66,320,320
320,320,66,66
66,66,337,337
337,337,66,66
67,67,70,70
70,70,67,67
67,67,76,76
76,76,67,67
67,67,77,77
77,77,67,67
67,67,85,85
85,85,67,67
67,67,94,94
94,94,67,67
67,67,102,102
102,102,67,67
67,67,108,108
108,108,67,67
67,67,153,153
153,153,67,67
67,67,301,301
301,301,67,67
67,67,306,306
306,306,67,67
67,67,312,312
312,312,67,67
67,67,318,318
318,318,67,67
67,67,325,325
325,325,67,67
67,67,333,333
333,333,67,67
67,67,335,335
335,335,67,67
67,67,341,341
341,341,67,67
67,67,347,347
347,347,67,67
67,67,352,352
352,352,67,67
67,67,356,356
356,356,67,67
67,67,361,361
361,361,67,67
67,67,366,366
366,366,67,67
67,67,372,372
372,372,67,67
67,67,377,377
377,377,67,67
67,67,382,382
382,382,67,67
67,67,387,387
387,387,67,67
67,67,392,392
392,392,67,67
67,67,405,405
405,405,67,67
67,67,414,414
414,414,67,67
67,67,420,420
420,420,67,67
67,67,430,430
430,430,67,67
68,68,74,74
74,74,68,68
68,68,83,83
83,83,68,68
68,68,91,91
91,91,68,68
68,68,101,101
101,101,68,68
68,68,107,107
107,107,68,68
68,68,150,150
150,150,68,68
68,68,303,303
303,303,68,68
68,68,310,310
310,310,68,68
68,68,316,316
316,316,68,68
68,68,322,322
322,322,68,68
68,68,329,329
329,329,68,68
68,68,331,331
331,331,68,68
68,68,339,339
339,339,68,68
68,68,345,345
345,345,68,68
68,68,353,353
353,353,68,68
68,68,357,357
357,357,68,68
68,68,370,370
370,370,68,68
68,68,378,378
378,378,68,68
68,68,383,383
383,383,68,68
68,68,388,388
388,388,68,68
68,68,396,396
396,396,68,68
68,68,407,407
407,407,68,68
68,68,419,419
419,419,68,68
68,68,423,423
423,423,68,68
68,68,424,424
424,424,68,68
69,69,337,337
337,337,69,69
70,70,76,76
76,76,70,70
70,70,77,77
77,77,70,70
70,70,85,85
85,85,70,70
70,70,94,94
94,94,70,70
70,70,102,102
102,102,70,70
70,70,108,108
108,108,70,70
70,70,153,153
153,153,70,70
70,70,301,301
301,301,70,70
70,70,306,306
306,306,70,70
70,70,312,312
312,312,70,70
70,70,318,318
318,318,70,70
70,70,325,325
325,325,70,70
70,70,333,333
333,333,70,70
70,70,335,335
335,335,70,70
70,70,341,341
341,341,70,70
70,70,347,347
347,347,70,70
70,70,352,352
352,352,70,70
70,70,356,356
356,356,70,70
70,70,361,361
361,361,70,70
70,70,366,366
366,366,70,70
70,70,372,372
372,372,70,70
70,70,377,377
377,377,70,70
70,70,382,382
382,382,70,70
70,70,387,387
387,387,70,70
70,70,392,392
392,392,70,70
70,70,405,405
405,405,70,70
70,70,414,414
414,414,70,70
70,70,420,420
420,420,70,70
70,70,430,430
430,430,70,70
71,71,406,406
406,406,71,71
74,74,83,83
83,83,74,74
74,74,91,91
91,91,74,74
74,74,101,101
101,101,74,74
74,74,107,107
107,107,74,74
74,74,150,150
150,150,74,74
74,74,303,303
303,303,74,74
74,74,310,310
310,310,74,74
74,74,316,316
316,316,74,74
74,74,322,322
322,322,74,74
74,74,329,329
329,329,74,74
74,74,331,331
331,331,74,74
74,74,339,339
339,339,74,74
74,74,370,370
370,370,74,74
74,74,388,388
388,388,74,74
74,74,396,396
396,396,74,74
74,74,407,407
407,407,74,74
74,74,419,419
419,419,74,74
74,74,423,423
423,423,74,74
74,74,424,424
424,424,74,74
75,75,81,81
81,81,75,75
75,75,89,89
89,89,75,75
75,75,97,97
97,97,75,75
75,75,104,104
104,104,75,75
75,75,114,114
114,114,75,75
75,75,152,152
152,152,75,75
75,75,305,305
305,305,75,75
75,75,320,320
320,320,75,75
76,76,77,77
77,77,76,76
76,76,85,85
85,85,76,76
76,76,94,94
94,94,76,76
76,76,102,102
102,102,76,76
76,76,108,108
108,108,76,76
76,76,153,153
153,153,76,76
76,76,301,301
301,301,76,76
76,76,306,306
306,306,76,76
76,76,312,312
312,312,76,76
76,76,318,318
318,318,76,76
76,76,325,325
325,325,76,76
76,76,333,333
333,333,76,76
76,76,335,335
335,335,76,76
76,76,341,341
341,341,76,76
76,76,347,347
347,347,76,76
76,76,352,352
352,352,76,76
76,76,356,356
356,356,76,76
76,76,361,361
361,361,76,76
76,76,366,366
366,366,76,76
76,76,372,372
372,372,76,76
76,76,377,377
377,377,76,76
76,76,382,382
382,382,76,76
76,76,387,387
387,387,76,76
76,76,392,392
392,392,76,76
76,76,405,405
405,405,76,76
76,76,414,414
414,414,76,76
76,76,420,420
420,420,76,76
76,76,430,430
430,430,76,76
77,77,85,85
85,85,77,77
77,77,94,94
94,94,77,77
77,77,102,102
102,102,77,77
77,77,108,108
108,108,77,77
77,77,153,153
153,153,77,77
77,77,301,301
301,301,77,77
77,77,306,306
306,306,77,77
77,77,312,312
312,312,77,77
77,77,318,318
318,318,77,77
77,77,325,325
325,325,77,77
77,77,333,333
333,333,77,77
77,77,335,335
335,335,77,77
77,77,341,341
341,341,77,77
77,77,347,347
347,347,77,77
77,77,352,352
352,352,77,77
77,77,356,356
356,356,77,77
77,77,361,361
361,361,77,77
77,77,366,366
366,366,77,77
77,77,372,372
372,372,77,77
77,77,377,377
377,377,77,77
77,77,382,382
382,382,77,77
77,77,387,387
387,387,77,77
77,77,392,392
392,392,77,77
77,77,405,405
405,405,77,77
77,77,414,414
414,414,77,77
77,77,420,420
420,420,77,77
77,77,430,430
430,430,77,77
78,78,86,86
86,86,78,78
79,79,87,87
87,87,79,79
79,79,95,95
95,95,79,79
80,80,88,88
88,88,80,80
80,80,96,96
96,96,80,80
80,80,103,103
103,103,80,80
80,80,302,302
302,302,80,80
81,81,89,89
89,89,81,81
81,81,97,97
97,97,81,81
81,81,104,104
104,104,81,81
81,81,114,114
114,114,81,81
81,81,152,152
152,152,81,81
81,81,305,305
305,305,81,81
81,81,308,308
308,308,81,81
81,81,320,320
320,320,81,81
81,81,327,327
327,327,81,81
81,81,337,337
337,337,81,81
83,83,91,91
91,91,83,83
83,83,101,101
101,101,83,83
83,83,107,107
107,107,83,83
83,83,150,150
150,150,83,83
83,83,303,303
303,303,83,83
83,83,310,310
310,310,83,83
83,83,316,316
316,316,83,83
83,83,322,322
322,322,83,83
83,83,329,329
329,329,83,83
83,83,331,331
331,331,83,83
83,83,339,339
339,339,83,83
83,83,345,345
345,345,83,83
83,83,348,348
348,348,83,83
83,83,353,353
353,353,83,83
83,83,357,357
357,357,83,83
83,83,370,370
370,370,83,83
83,83,373,373
373,373,83,83
83,83,383,383
383,383,83,83
83,83,388,388
388,388,83,83
83,83,407,407
407,407,83,83
83,83,419,419
419,419,83,83
83,83,423,423
423,423,83,83
83,83,424,424
424,424,83,83
84,84,92,92
92,92,84,84
84,84,93,93
93,93,84,84
84,84,118,118
118,118,84,84
84,84,304,304
304,304,84,84
84,84,311,311
311,311,84,84
84,84,317,317
317,317,84,84
84,84,323,323
323,323,84,84
84,84,330,330
330,330,84,84
84,84,340,340
340,340,84,84
85,85,94,94
94,94,85,85
85,85,102,102
102,102,85,85
85,85,108,108
108,108,85,85
85,85,153,153
153,153,85,85
85,85,301,301
301,301,85,85
85,85,306,306
306,306,85,85
85,85,312,312
312,312,85,85
85,85,318,318
318,318,85,85
85,85,325,325
325,325,85,85
85,85,333,333
333,333,85,85
85,85,335,335
335,335,85,85
85,85,341,341
341,341,85,85
85,85,347,347
347,347,85,85
85,85,352,352
352,352,85,85
85,85,356,356
356,356,85,85
85,85,361,361
361,361,85,85
85,85,366,366
366,366,85,85
85,85,372,372
372,372,85,85
85,85,377,377
377,377,85,85
85,85,382,382
382,382,85,85
85,85,387,387
387,387,85,85
85,85,392,392
392,392,85,85
85,85,405,405
405,405,85,85
85,85,414,414
414,414,85,85
85,85,420,420
420,420,85,85
85,85,430,430
430,430,85,85
87,87,95,95
95,95,87,87
88,88,96,96
96,96,88,88
88,88,103,103
103,103,88,88
88,88,302,302
302,302,88,88
89,89,97,97
97,97,89,89
89,89,104,104
104,104,89,89
89,89,114,114
114,114,89,89
89,89,152,152
152,152,89,89
89,89,305,305
305,305,89,89
89,89,308,308
308,308,89,89
89,89,320,320
320,320,89,89
89,89,327,327
327,327,89,89
89,89,337,337
337,337,89,89
91,91,101,101
101,101,91,91
91,91,107,107
107,107,91,91
91,91,116,116
116,116,91,91
91,91,150,150
150,150,91,91
91,91,303,303
303,303,91,91
91,91,310,310
310,310,91,91
91,91,316,316
316,316,91,91
91,91,322,322
322,322,91,91
91,91,329,329
329,329,91,91
91,91,331,331
331,331,91,91
91,91,339,339
339,339,91,91
91,91,345,345
345,345,91,91
91,91,348,348
348,348,91,91
91,91,353,353
353,353,91,91
91,91,357,357
357,357,91,91
91,91,370,370
370,370,91,91
91,91,373,373
373,373,91,91
91,91,383,383
383,383,91,91
91,91,388,388
388,388,91,91
91,91,396,396
396,396,91,91
91,91,407,407
407,407,91,91
91,91,419,419
419,419,91,91
91,91,423,423
423,423,91,91
91,91,424,424
424,424,91,91
92,92,93,93
93,93,92,92
92,92,118,118
118,118,92,92
92,92,304,304
304,304,92,92
92,92,311,311
311,311,92,92
92,92,317,317
317,317,92,92
92,92,323,323
323,323,92,92
92,92,330,330
330,330,92,92
92,92,340,340
340,340,92,92
93,93,118,118
118,118,93,93
93,93,304,304
304,304,93,93
93,93,311,311
311,311,93,93
93,93,317,317
317,317,93,93
93,93,323,323
323,323,93,93
93,93,330,330
330,330,93,93
93,93,340,340
340,340,93,93
94,94,102,102
102,102,94,94
94,94,108,108
108,108,94,94
94,94,153,153
153,153,94,94
94,94,301,301
301,301,94,94
94,94,306,306
306,306,94,94
94,94,312,312
312,312,94,94
94,94,318,318
318,318,94,94
94,94,325,325
325,325,94,94
94,94,333,333
333,333,94,94
94,94,335,335
335,335,94,94
94,94,341,341
341,341,94,94
94,94,347,347
347,347,94,94
94,94,352,352
352,352,94,94
94,94,356,356
356,356,94,94
94,94,361,361
361,361,94,94
94,94,366,366
366,366,94,94
94,94,372,372
372,372,94,94
94,94,377,377
377,377,94,94
94,94,382,382
382,382,94,94
94,94,387,387
387,387,94,94
94,94,392,392
392,392,94,94
94,94,405,405
405,405,94,94
94,94,414,414
414,414,94,94
94,94,420,420
420,420,94,94
94,94,430,430
430,430,94,94
96,96,103,103
103,103,96,96
96,96,302,302
302,302,96,96
97,97,104,104
104,104,97,97
97,97,114,114
114,114,97,97
97,97,152,152
152,152,97,97
97,97,305,305
305,305,97,97
97,97,308,308
308,308,97,97
97,97,320,320
320,320,97,97
97,97,327,327
327,327,97,97
97,97,337,337
337,337,97,97
98,98,105,105
105,105,98,98
99,99,106,106
106,106,99,99
101,101,107,107
107,107,101,101
101,101,116,116
116,116,101,101
101,101,150,150
150,150,101,101
101,101,303,303
303,303,101,101
101,101,310,310
310,310,101,101
101,101,316,316
316,316,101,101
101,101,322,322
322,322,101,101
101,101,329,329
329,329,101,101
101,101,331,331
331,331,101,101
101,101,339,339
339,339,101,101
101,101,353,353
353,353,101,101
101,101,357,357
357,357,101,101
101,101,370,370
370,370,101,101
101,101,373,373
373,373,101,101
101,101,383,383
383,383,101,101
101,101,388,388
388,388,101,101
101,101,396,396
396,396,101,101
101,101,407,407
407,407,101,101
101,101,419,419
419,419,101,101
101,101,423,423
423,423,101,101
101,101,424,424
424,424,101,101
102,102,108,108
108,108,102,102
102,102,153,153
153,153,102,102
102,102,301,301
301,301,102,102
102,102,306,306
306,306,102,102
102,102,312,312
312,312,102,102
102,102,318,318
318,318,102,102
102,102,325,325
325,325,102,102
102,102,333,333
333,333,102,102
102,102,335,335
335,335,102,102
102,102,341,341
341,341,102,102
102,102,347,347
347,347,102,102
102,102,352,352
352,352,102,102
102,102,356,356
356,356,102,102
102,102,361,361
361,361,102,102
102,102,366,366
366,366,102,102
102,102,372,372
372,372,102,102
102,102,377,377
377,377,102,102
102,102,382,382
382,382,102,102
102,102,387,387
387,387,102,102
102,102,392,392
392,392,102,102
102,102,405,405
405,405,102,102
102,102,414,414
414,414,102,102
102,102,420,420
420,420,102,102
102,102,430,430
430,430,102,102
103,103,302,302
302,302,103,103
104,104,114,114
114,114,104,104
104,104,152,152
152,152,104,104
104,104,305,305
305,305,104,104
104,104,308,308
308,308,104,104
104,104,320,320
320,320,104,104
104,104,327,327
327,327,104,104
104,104,337,337
337,337,104,104
107,107,116,116
116,116,107,107
107,107,150,150
150,150,107,107
107,107,303,303
303,303,107,107
107,107,310,310
310,310,107,107
107,107,316,316
316,316,107,107
107,107,322,322
322,322,107,107
107,107,329,329
329,329,107,107
107,107,331,331
331,331,107,107
107,107,339,339
339,339,107,107
107,107,345,345
345,345,107,107
107,107,348,348
348,348,107,107
107,107,353,353
353,353,107,107
107,107,357,357
357,357,107,107
107,107,370,370
370,370,107,107
107,107,373,373
373,373,107,107
107,107,383,383
383,383,107,107
107,107,388,388
388,388,107,107
107,107,396,396
396,396,107,107
107,107,407,407
407,407,107,107
107,107,419,419
419,419,107,107
107,107,423,423
423,423,107,107
107,107,424,424
424,424,107,107
108,108,153,153
153,153,108,108
108,108,301,301
301,301,108,108
108,108,306,306
306,306,108,108
108,108,312,312
312,312,108,108
108,108,318,318
318,318,108,108
108,108,325,325
325,325,108,108
108,108,333,333
333,333,108,108
108,108,335,335
335,335,108,108
108,108,341,341
341,341,108,108
108,108,347,347
347,347,108,108
108,108,352,352
352,352,108,108
108,108,356,356
356,356,108,108
108,108,361,361
361,361,108,108
108,108,372,372
372,372,108,108
108,108,377,377
377,377,108,108
108,108,382,382
382,382,108,108
108,108,387,387
387,387,108,108
108,108,392,392
392,392,108,108
108,108,405,405
405,405,108,108
108,108,414,414
414,414,108,108
108,108,420,420
420,420,108,108
108,108,430,430
430,430,108,108
114,114,152,152
152,152,114,114
114,114,305,305
305,305,114,114
114,114,308,308
308,308,114,114
116,116,150,150
150,150,116,116
116,116,303,303
303,303,116,116
116,116,322,322
322,322,116,116
116,116,329,329
329,329,116,116
116,116,345,345
345,345,116,116
116,116,353,353
353,353,116,116
116,116,357,357
357,357,116,116
116,116,373,373
373,373,116,116
116,116,383,383
383,383,116,116
116,116,407,407
407,407,116,116
116,116,419,419
419,419,116,116
116,116,423,423
423,423,116,116
116,116,424,424
424,424,116,116
118,118,317,317
317,317,118,118
118,118,323,323
323,323,118,118
121,121,129,129
129,129,121,121
121,121,140,140
140,140,121,121
121,121,178,178
178,178,121,121
121,121,188,188
188,188,121,121
121,121,209,209
209,209,121,121
121,121,219,219
219,219,121,121
121,121,229,229
229,229,121,121
121,121,239,239
239,239,121,121
121,121,249,249
249,249,121,121
121,121,260,260
260,260,121,121
121,121,270,270
270,270,121,121
121,121,280,280
280,280,121,121
121,121,290,290
290,290,121,121
123,123,134,134
134,134,123,123
123,123,144,144
144,144,123,123
123,123,161,161
161,161,123,123
123,123,172,172
172,172,123,123
123,123,182,182
182,182,123,123
123,123,192,192
192,192,123,123
123,123,203,203
203,203,123,123
123,123,213,213
213,213,123,123
123,123,223,223
223,223,123,123
123,123,233,233
233,233,123,123
123,123,243,243
243,243,123,123
123,123,254,254
254,254,123,123
123,123,264,264
264,264,123,123
123,123,274,274
274,274,123,123
123,123,284,284
284,284,123,123
123,123,295,295
295,295,123,123
125,125,137,137
137,137,125,125
125,125,147,147
147,147,125,125
125,125,164,164
164,164,125,125
125,125,175,175
175,175,125,125
125,125,185,185
185,185,125,125
125,125,195,195
195,195,125,125
125,125,206,206
206,206,125,125
125,125,216,216
216,216,125,125
125,125,226,226
226,226,125,125
125,125,236,236
236,236,125,125
125,125,246,246
246,246,125,125
125,125,257,257
257,257,125,125
125,125,267,267
267,267,125,125
125,125,277,277
277,277,125,125
125,125,287,287
287,287,125,125
125,125,298,298
298,298,125,125
129,129,140,140
140,140,129,129
129,129,156,156
156,156,129,129
129,129,167,167
167,167,129,129
129,129,178,178
178,178,129,129
129,129,188,188
188,188,129,129
129,129,198,198
198,198,129,129
129,129,209,209
209,209,129,129
129,129,219,219
219,219,129,129
129,129,229,229
229,229,129,129
129,129,239,239
239,239,129,129
129,129,249,249
249,249,129,129
129,129,260,260
260,260,129,129
129,129,270,270
270,270,129,129
129,129,280,280
280,280,129,129
129,129,290,290
290,290,129,129
131,131,141,141
141,141,131,131
131,131,158,158
158,158,131,131
131,131,169,169
169,169,131,131
131,131,179,179
179,179,131,131
131,131,189,189
189,189,131,131
131,131,200,200
200,200,131,131
131,131,210,210
210,210,131,131
131,131,220,220
220,220,131,131
131,131,230,230
230,230,131,131
131,131,240,240
240,240,131,131
131,131,251,251
251,251,131,131
131,131,261,261
261,261,131,131
131,131,271,271
271,271,131,131
131,131,281,281
281,281,131,131
131,131,292,292
292,292,131,131
132,132,159,159
159,159,132,132
132,132,170,170
170,170,132,132
132,132,201,201
201,201,132,132
132,132,293,293
293,293,132,132
133,133,143,143
143,143,133,133
133,133,160,160
160,160,133,133
133,133,171,171
171,171,133,133
133,133,181,181
181,181,133,133
133,133,191,191
191,191,133,133
133,133,202,202
202,202,133,133
133,133,212,212
212,212,133,133
133,133,242,242
242,242,133,133
133,133,253,253
253,253,133,133
133,133,263,263
263,263,133,133
133,133,273,273
273,273,133,133
133,133,283,283
283,283,133,133
133,133,294,294
294,294,133,133
134,134,144,144
144,144,134,134
134,134,161,161
161,161,134,134
134,134,172,172
172,172,134,134
134,134,182,182
182,182,134,134
134,134,192,192
192,192,134,134
134,134,203,203
203,203,134,134
134,134,213,213
213,213,134,134
134,134,223,223
223,223,134,134
134,134,233,233
233,233,134,134
134,134,243,243
243,243,134,134
134,134,254,254
254,254,134,134
134,134,264,264
264,264,134,134
134,134,274,274
274,274,134,134
134,134,284,284
284,284,134,134
134,134,295,295
295,295,134,134
135,135,145,145
145,145,135,135
135,135,162,162
162,162,135,135
135,135,173,173
173,173,135,135
135,135,183,183
183,183,135,135
135,135,193,193
193,193,135,135
135,135,204,204
204,204,135,135
135,135,214,214
214,214,135,135
135,135,224,224
224,224,135,135
135,135,234,234
234,234,135,135
135,135,244,244
244,244,135,135
135,135,255,255
255,255,135,135
135,135,265,265
265,265,135,135
135,135,275,275
275,275,135,135
135,135,285,285
285,285,135,135
135,135,296,296
296,296,135,135
136,136,146,146
146,146,136,136
136,136,163,163
163,163,136,136
136,136,174,174
174,174,136,136
136,136,184,184
184,184,136,136
136,136,194,194
194,194,136,136
136,136,205,205
205,205,136,136
136,136,215,215
215,215,136,136
136,136,225,225
225,225,136,136
136,136,235,235
235,235,136,136
136,136,245,245
245,245,136,136
136,136,256,256
256,256,136,136
136,136,266,266
266,266,136,136
136,136,276,276
276,276,136,136
136,136,286,286
286,286,136,136
136,136,297,297
297,297,136,136
137,137,147,147
147,147,137,137
137,137,164,164
164,164,137,137
137,137,175,175
175,175,137,137
137,137,185,185
185,185,137,137
137,137,195,195
195,195,137,137
137,137,206,206
206,206,137,137
137,137,216,216
216,216,137,137
137,137,226,226
226,226,137,137
137,137,236,236
236,236,137,137
137,137,246,246
246,246,137,137
137,137,257,257
257,257,137,137
137,137,267,267
267,267,137,137
137,137,277,277
277,277,137,137
137,137,287,287
287,287,137,137
137,137,298,298
298,298,137,137
138,138,148,148
148,148,138,138
138,138,165,165
165,165,138,138
138,138,176,176
176,176,138,138
138,138,186,186
186,186,138,138
138,138,196,196
196,196,138,138
138,138,207,207
207,207,138,138
138,138,217,217
217,217,138,138
138,138,227,227
227,227,138,138
138,138,237,237
237,237,138,138
138,138,247,247
247,247,138,138
138,138,258,258
258,258,138,138
138,138,268,268
268,268,138,138
138,138,278,278
278,278,138,138
138,138,288,288
288,288,138,138
138,138,299,299
299,299,138,138
139,139,149,149
149,149,139,139
139,139,166,166
166,166,139,139
139,139,177,177
177,177,139,139
139,139,187,187
187,187,139,139
139,139,197,197
197,197,139,139
139,139,208,208
208,208,139,139
139,139,218,218
218,218,139,139
139,139,228,228
228,228,139,139
139,139,238,238
238,238,139,139
139,139,248,248
248,248,139,139
139,139,259,259
259,259,139,139
139,139,269,269
269,269,139,139
139,139,279,279
279,279,139,139
139,139,289,289
289,289,139,139
139,139,300,300
300,300,139,139
140,140,156,156
156,156,140,140
140,140,167,167
167,167,140,140
140,140,178,178
178,178,140,140
140,140,188,188
188,188,140,140
140,140,198,198
198,198,140,140
140,140,209,209
209,209,140,140
140,140,219,219
219,219,140,140
140,140,229,229
229,229,140,140
140,140,239,239
239,239,140,140
140,140,249,249
249,249,140,140
140,140,260,260
260,260,140,140
140,140,270,270
270,270,140,140
140,140,280,280
280,280,140,140
140,140,290,290
290,290,140,140
141,141,158,158
158,158,141,141
141,141,169,169
169,169,141,141
141,141,179,179
179,179,141,141
141,141,189,189
189,189,141,141
141,141,200,200
200,200,141,141
141,141,210,210
210,210,141,141
141,141,220,220
220,220,141,141
141,141,230,230
230,230,141,141
141,141,240,240
240,240,141,141
141,141,251,251
251,251,141,141
141,141,261,261
261,261,141,141
141,141,271,271
271,271,141,141
141,141,281,281
281,281,141,141
141,141,292,292
292,292,141,141
142,142,180,180
180,180,142,142
142,142,190,190
190,190,142,142
142,142,211,211
211,211,142,142
142,142,221,221
221,221,142,142
142,142,231,231
231,231,142,142
142,142,241,241
241,241,142,142
142,142,252,252
252,252,142,142
142,142,262,262
262,262,142,142
142,142,272,272
272,272,142,142
142,142,282,282
282,282,142,142
143,143,160,160
160,160,143,143
143,143,171,171
171,171,143,143
143,143,181,181
181,181,143,143
143,143,191,191
191,191,143,143
143,143,202,202
202,202,143,143
143,143,212,212
212,212,143,143
143,143,222,222
222,222,143,143
143,143,232,232
232,232,143,143
143,143,242,242
242,242,143,143
143,143,253,253
253,253,143,143
143,143,263,263
263,263,143,143
143,143,273,273
273,273,143,143
143,143,283,283
283,283,143,143
143,143,294,294
294,294,143,143
144,144,161,161
161,161,144,144
144,144,172,172
172,172,144,144
144,144,182,182
182,182,144,144
144,144,192,192
192,192,144,144
144,144,203,203
203,203,144,144
144,144,213,213
213,213,144,144
144,144,223,223
223,223,144,144
144,144,233,233
233,233,144,144
144,144,243,243
243,243,144,144
144,144,254,254
254,254,144,144
144,144,264,264
264,264,144,144
144,144,274,274
274,274,144,144
144,144,284,284
284,284,144,144
144,144,295,295
295,295,144,144
145,145,162,162
162,162,145,145
145,145,173,173
173,173,145,145
145,145,183,183
183,183,145,145
145,145,193,193
193,193,145,145
145,145,204,204
204,204,145,145
145,145,214,214
214,214,145,145
145,145,224,224
224,224,145,145
145,145,234,234
234,234,145,145
145,145,244,244
244,244,145,145
145,145,255,255
255,255,145,145
145,145,265,265
265,265,145,145
145,145,275,275
275,275,145,145
145,145,285,285
285,285,145,145
145,145,296,296
296,296,145,145
146,146,163,163
163,163,146,146
146,146,184,184
184,184,146,146
146,146,194,194
194,194,146,146
146,146,205,205
205,205,146,146
146,146,215,215
215,215,146,146
146,146,225,225
225,225,146,146
146,146,235,235
235,235,146,146
146,146,245,245
245,245,146,146
146,146,256,256
256,256,146,146
146,146,266,266
266,266,146,146
146,146,276,276
276,276,146,146
146,146,286,286
286,286,146,146
147,147,164,164
164,164,147,147
147,147,175,175
175,175,147,147
147,147,185,185
185,185,147,147
147,147,195,195
195,195,147,147
147,147,206,206
206,206,147,147
147,147,216,216
216,216,147,147
147,147,226,226
226,226,147,147
147,147,236,236
236,236,147,147
147,147,246,246
246,246,147,147
147,147,257,257
257,257,147,147
147,147,267,267
267,267,147,147
147,147,277,277
277,277,147,147
147,147,287,287
287,287,147,147
147,147,298,298
298,298,147,147
148,148,165,165
165,165,148,148
148,148,176,176
176,176,148,148
148,148,186,186
186,186,148,148
148,148,196,196
196,196,148,148
148,148,207,207
207,207,148,148
148,148,217,217
217,217,148,148
148,148,227,227
227,227,148,148
148,148,237,237
237,237,148,148
148,148,247,247
247,247,148,148
148,148,258,258
258,258,148,148
148,148,268,268
268,268,148,148
148,148,278,278
278,278,148,148
148,148,288,288
288,288,148,148
148,148,299,299
299,299,148,148
149,149,166,166
166,166,149,149
149,149,177,177
177,177,149,149
149,149,187,187
187,187,149,149
149,149,197,197
197,197,149,149
149,149,208,208
208,208,149,149
149,149,218,218
218,218,149,149
149,149,228,228
228,228,149,149
149,149,238,238
238,238,149,149
149,149,248,248
248,248,149,149
149,149,259,259
259,259,149,149
149,149,269,269
269,269,149,149
149,149,279,279
279,279,149,149
149,149,289,289
289,289,149,149
149,149,300,300
300,300,149,149
150,150,303,303
303,303,150,150
150,150,310,310
310,310,150,150
150,150,316,316
316,316,150,150
150,150,322,322
322,322,150,150
150,150,329,329
329,329,150,150
150,150,331,331
331,331,150,150
150,150,339,339
339,339,150,150
150,150,345,345
345,345,150,150
150,150,348,348
348,348,150,150
150,150,353,353
353,353,150,150
150,150,357,357
357,357,150,150
150,150,362,362
362,362,150,150
150,150,370,370
370,370,150,150
150,150,373,373
373,373,150,150
150,150,378,378
378,378,150,150
150,150,383,383
383,383,150,150
150,150,388,388
388,388,150,150
150,150,396,396
396,396,150,150
150,150,407,407
407,407,150,150
150,150,419,419
419,419,150,150
150,150,423,423
423,423,150,150
150,150,424,424
424,424,150,150
152,152,305,305
305,305,152,152
152,152,308,308
308,308,152,152
152,152,314,314
314,314,152,152
152,152,320,320
320,320,152,152
152,152,327,327
327,327,152,152
152,152,337,337
337,337,152,152
153,153,301,301
301,301,153,153
153,153,306,306
306,306,153,153
153,153,312,312
312,312,153,153
153,153,318,318
318,318,153,153
153,153,325,325
325,325,153,153
153,153,333,333
333,333,153,153
153,153,335,335
335,335,153,153
153,153,341,341
341,341,153,153
153,153,347,347
347,347,153,153
153,153,352,352
352,352,153,153
153,153,356,356
356,356,153,153
153,153,361,361
361,361,153,153
153,153,366,366
366,366,153,153
153,153,372,372
372,372,153,153
153,153,377,377
377,377,153,153
153,153,382,382
382,382,153,153
153,153,387,387
387,387,153,153
153,153,392,392
392,392,153,153
153,153,405,405
405,405,153,153
153,153,414,414
414,414,153,153
153,153,420,420
420,420,153,153
153,153,430,430
430,430,153,153
156,156,167,167
167,167,156,156
156,156,178,178
178,178,156,156
156,156,188,188
188,188,156,156
156,156,198,198
198,198,156,156
156,156,209,209
209,209,156,156
156,156,219,219
219,219,156,156
156,156,229,229
229,229,156,156
156,156,239,239
239,239,156,156
156,156,249,249
249,249,156,156
156,156,260,260
260,260,156,156
156,156,270,270
270,270,156,156
156,156,280,280
280,280,156,156
156,156,290,290
290,290,156,156
158,158,169,169
169,169,158,158
158,158,179,179
179,179,158,158
158,158,189,189
189,189,158,158
158,158,200,200
200,200,158,158
158,158,210,210
210,210,158,158
158,158,220,220
220,220,158,158
158,158,230,230
230,230,158,158
158,158,240,240
240,240,158,158
158,158,251,251
251,251,158,158
158,158,261,261
261,261,158,158
158,158,271,271
271,271,158,158
158,158,281,281
281,281,158,158
158,158,292,292
292,292,158,158
159,159,170,170
170,170,159,159
159,159,201,201
201,201,159,159
159,159,293,293
293,293,159,159
160,160,171,171
171,171,160,160
160,160,181,181
181,181,160,160
160,160,191,191
191,191,160,160
160,160,202,202
202,202,160,160
160,160,212,212
212,212,160,160
160,160,222,222
222,222,160,160
160,160,232,232
232,232,160,160
160,160,242,242
242,242,160,160
160,160,253,253
253,253,160,160
160,160,263,263
263,263,160,160
160,160,273,273
273,273,160,160
160,160,283,283
283,283,160,160
160,160,294,294
294,294,160,160
161,161,172,172
172,172,161,161
161,161,182,182
182,182,161,161
161,161,192,192
192,192,161,161
161,161,203,203
203,203,161,161
161,161,213,213
213,213,161,161
161,161,223,223
223,223,161,161
161,161,233,233
233,233,161,161
161,161,243,243
243,243,161,161
161,161,254,254
254,254,161,161
161,161,264,264
264,264,161,161
161,161,274,274
274,274,161,161
161,161,284,284
284,284,161,161
161,161,295,295
295,295,161,161
162,162,173,173
173,173,162,162
162,162,183,183
183,183,162,162
162,162,193,193
193,193,162,162
162,162,204,204
204,204,162,162
162,162,214,214
214,214,162,162
162,162,224,224
224,224,162,162
162,162,234,234
234,234,162,162
162,162,244,244
244,244,162,162
162,162,265,265
265,265,162,162
162,162,275,275
275,275,162,162
162,162,296,296
296,296,162,162
163,163,184,184
184,184,163,163
163,163,194,194
194,194,163,163
163,163,205,205
205,205,163,163
163,163,215,215
215,215,163,163
163,163,225,225
225,225,163,163
163,163,235,235
235,235,163,163
163,163,245,245
245,245,163,163
163,163,256,256
256,256,163,163
163,163,266,266
266,266,163,163
163,163,276,276
276,276,163,163
163,163,286,286
286,286,163,163
163,163,297,297
297,297,163,163
164,164,175,175
175,175,164,164
164,164,185,185
185,185,164,164
164,164,195,195
195,195,164,164
164,164,206,206
206,206,164,164
164,164,216,216
216,216,164,164
164,164,226,226
226,226,164,164
164,164,236,236
236,236,164,164
164,164,246,246
246,246,164,164
164,164,257,257
257,257,164,164
164,164,267,267
267,267,164,164
164,164,277,277
277,277,164,164
164,164,287,287
287,287,164,164
164,164,298,298
298,298,164,164
165,165,176,176
176,176,165,165
165,165,186,186
186,186,165,165
165,165,196,196
196,196,165,165
165,165,207,207
207,207,165,165
165,165,217,217
217,217,165,165
165,165,227,227
227,227,165,165
165,165,237,237
237,237,165,165
165,165,247,247
247,247,165,165
165,165,258,258
258,258,165,165
165,165,268,268
268,268,165,165
165,165,278,278
278,278,165,165
165,165,288,288
288,288,165,165
165,165,299,299
299,299,165,165
166,166,177,177
177,177,166,166
166,166,187,187
187,187,166,166
166,166,197,197
197,197,166,166
166,166,208,208
208,208,166,166
166,166,218,218
218,218,166,166
166,166,228,228
228,228,166,166
166,166,238,238
238,238,166,166
166,166,248,248
248,248,166,166
166,166,259,259
259,259,166,166
166,166,269,269
269,269,166,166
166,166,279,279
279,279,166,166
166,166,289,289
289,289,166,166
166,166,300,300
300,300,166,166
167,167,178,178
178,178,167,167
167,167,188,188
188,188,167,167
167,167,198,198
198,198,167,167
167,167,209,209
209,209,167,167
167,167,219,219
219,219,167,167
167,167,229,229
229,229,167,167
167,167,239,239
239,239,167,167
167,167,249,249
249,249,167,167
167,167,260,260
260,260,167,167
167,167,270,270
270,270,167,167
167,167,280,280
280,280,167,167
167,167,290,290
290,290,167,167
169,169,179,179
179,179,169,169
169,169,189,189
189,189,169,169
169,169,200,200
200,200,169,169
169,169,210,210
210,210,169,169
169,169,220,220
220,220,169,169
169,169,230,230
230,230,169,169
169,169,240,240
240,240,169,169
169,169,251,251
251,251,169,169
169,169,261,261
261,261,169,169
169,169,271,271
271,271,169,169
169,169,281,281
281,281,169,169
169,169,292,292
292,292,169,169
170,170,201,201
201,201,170,170
170,170,293,293
293,293,170,170
171,171,181,181
181,181,171,171
171,171,191,191
191,191,171,171
171,171,202,202
202,202,171,171
171,171,212,212
212,212,171,171
171,171,232,232
232,232,171,171
171,171,242,242
242,242,171,171
171,171,253,253
253,253,171,171
171,171,263,263
263,263,171,171
171,171,273,273
273,273,171,171
171,171,283,283
283,283,171,171
171,171,294,294
294,294,171,171
172,172,182,182
182,182,172,172
172,172,192,192
192,192,172,172
172,172,203,203
203,203,172,172
172,172,213,213
213,213,172,172
172,172,223,223
223,223,172,172
172,172,233,233
233,233,172,172
172,172,243,243
243,243,172,172
172,172,254,254
254,254,172,172
172,172,264,264
264,264,172,172
172,172,274,274
274,274,172,172
172,172,284,284
284,284,172,172
172,172,295,295
295,295,172,172
173,173,183,183
183,183,173,173
173,173,193,193
193,193,173,173
173,173,204,204
204,204,173,173
173,173,214,214
214,214,173,173
173,173,224,224
224,224,173,173
173,173,234,234
234,234,173,173
173,173,244,244
244,244,173,173
173,173,255,255
255,255,173,173
173,173,265,265
265,265,173,173
173,173,275,275
275,275,173,173
173,173,285,285
285,285,173,173
173,173,296,296
296,296,173,173
175,175,185,185
185,185,175,175
175,175,195,195
195,195,175,175
175,175,206,206
206,206,175,175
175,175,216,216
216,216,175,175
175,175,226,226
226,226,175,175
175,175,236,236
236,236,175,175
175,175,246,246
246,246,175,175
175,175,257,257
257,257,175,175
175,175,267,267
267,267,175,175
175,175,277,277
277,277,175,175
175,175,287,287
287,287,175,175
175,175,298,298
298,298,175,175
176,176,186,186
186,186,176,176
176,176,196,196
196,196,176,176
176,176,207,207
207,207,176,176
176,176,217,217
217,217,176,176
176,176,227,227
227,227,176,176
176,176,237,237
237,237,176,176
176,176,247,247
247,247,176,176
176,176,258,258
258,258,176,176
176,176,268,268
268,268,176,176
176,176,278,278
278,278,176,176
176,176,288,288
288,288,176,176
176,176,299,299
299,299,176,176
177,177,187,187
187,187,177,177
177,177,197,197
197,197,177,177
177,177,208,208
208,208,177,177
177,177,218,218
218,218,177,177
177,177,228,228
228,228,177,177
177,177,238,238
238,238,177,177
177,177,248,248
248,248,177,177
177,177,259,259
259,259,177,177
177,177,269,269
269,269,177,177
177,177,279,279
279,279,177,177
177,177,289,289
289,289,177,177
177,177,300,300
300,300,177,177
178,178,188,188
188,188,178,178
178,178,198,198
198,198,178,178
178,178,209,209
209,209,178,178
178,178,219,219
219,219,178,178
178,178,229,229
229,229,178,178
178,178,239,239
239,239,178,178
178,178,249,249
249,249,178,178
178,178,260,260
260,260,178,178
178,178,270,270
270,270,178,178
178,178,280,280
280,280,178,178
178,178,290,290
290,290,178,178
179,179,189,189
189,189,179,179
179,179,200,200
200,200,179,179
179,179,210,210
210,210,179,179
179,179,220,220
220,220,179,179
179,179,230,230
230,230,179,179
179,179,240,240
240,240,179,179
179,179,251,251
251,251,179,179
179,179,261,261
261,261,179,179
179,179,271,271
271,271,179,179
179,179,281,281
281,281,179,179
179,179,292,292
292,292,179,179
180,180,190,190
190,190,180,180
180,180,211,211
211,211,180,180
180,180,221,221
221,221,180,180
180,180,231,231
231,231,180,180
180,180,241,241
241,241,180,180
180,180,252,252
252,252,180,180
180,180,262,262
262,262,180,180
180,180,272,272
272,272,180,180
180,180,282,282
282,282,180,180
181,181,191,191
191,191,181,181
181,181,202,202
202,202,181,181
181,181,212,212
212,212,181,181
181,181,222,222
222,222,181,181
181,181,232,232
232,232,181,181
181,181,242,242
242,242,181,181
181,181,253,253
253,253,181,181
181,181,263,263
263,263,181,181
181,181,273,273
273,273,181,181
181,181,283,283
283,283,181,181
181,181,294,294
294,294,181,181
182,182,192,192
192,192,182,182
182,182,203,203
203,203,182,182
182,182,213,213
213,213,182,182
182,182,223,223
223,223,182,182
182,182,233,233
233,233,182,182
182,182,243,243
243,243,182,182
182,182,254,254
254,254,182,182
182,182,264,264
264,264,182,182
182,182,274,274
274,274,182,182
182,182,284,284
284,284,182,182
182,182,295,295
295,295,182,182
183,183,193,193
193,193,183,183
183,183,204,204
204,204,183,183
183,183,214,214
214,214,183,183
183,183,224,224
224,224,183,183
183,183,234,234
234,234,183,183
183,183,244,244
244,244,183,183
183,183,255,255
255,255,183,183
183,183,265,265
265,265,183,183
183,183,275,275
275,275,183,183
183,183,285,285
285,285,183,183
183,183,296,296
296,296,183,183
184,184,194,194
194,194,184,184
184,184,205,205
205,205,184,184
184,184,215,215
215,215,184,184
184,184,225,225
225,225,184,184
184,184,235,235
235,235,184,184
184,184,245,245
245,245,184,184
184,184,256,256
256,256,184,184
184,184,266,266
266,266,184,184
184,184,276,276
276,276,184,184
184,184,286,286
286,286,184,184
185,185,195,195
195,195,185,185
185,185,206,206
206,206,185,185
185,185,216,216
216,216,185,185
185,185,226,226
226,226,185,185
185,185,236,236
236,236,185,185
185,185,246,246
246,246,185,185
185,185,257,257
257,257,185,185
185,185,267,267
267,267,185,185
185,185,277,277
277,277,185,185
185,185,287,287
287,287,185,185
185,185,298,298
298,298,185,185
186,186,196,196
196,196,186,186
186,186,207,207
207,207,186,186
186,186,217,217
217,217,186,186
186,186,227,227
227,227,186,186
186,186,237,237
237,237,186,186
186,186,247,247
247,247,186,186
186,186,258,258
258,258,186,186
186,186,268,268
268,268,186,186
186,186,278,278
278,278,186,186
186,186,288,288
288,288,186,186
186,186,299,299
299,299,186,186
187,187,197,197
197,197,187,187
187,187,208,208
208,208,187,187
187,187,218,218
218,218,187,187
187,187,228,228
228,228,187,187
187,187,238,238
238,238,187,187
187,187,248,248
248,248,187,187
187,187,259,259
259,259,187,187
187,187,269,269
269,269,187,187
187,187,279,279
279,279,187,187
187,187,289,289
289,289,187,187
187,187,300,300
300,300,187,187
188,188,198,198
198,198,188,188
188,188,209,209
209,209,188,188
188,188,219,219
219,219,188,188
188,188,229,229
229,229,188,188
188,188,239,239
239,239,188,188
188,188,249,249
249,249,188,188
188,188,260,260
260,260,188,188
188,188,270,270
270,270,188,188
188,188,280,280
280,280,188,188
188,188,290,290
290,290,188,188
189,189,200,200
200,200,189,189
189,189,210,210
210,210,189,189
189,189,220,220
220,220,189,189
189,189,230,230
230,230,189,189
189,189,240,240
240,240,189,189
189,189,251,251
251,251,189,189
189,189,261,261
261,261,189,189
189,189,271,271
271,271,189,189
189,189,281,281
281,281,189,189
189,189,292,292
292,292,189,189
190,190,211,211
211,211,190,190
190,190,221,221
221,221,190,190
190,190,231,231
231,231,190,190
190,190,241,241
241,241,190,190
190,190,252,252
252,252,190,190
190,190,262,262
262,262,190,190
190,190,272,272
272,272,190,190
190,190,282,282
282,282,190,190
191,191,202,202
202,202,191,191
191,191,212,212
212,212,191,191
191,191,222,222
222,222,191,191
191,191,232,232
232,232,191,191
191,191,242,242
242,242,191,191
191,191,253,253
253,253,191,191
191,191,263,263
263,263,191,191
191,191,273,273
273,273,191,191
191,191,283,283
283,283,191,191
191,191,294,294
294,294,191,191
192,192,203,203
203,203,192,192
192,192,213,213
213,213,192,192
192,192,223,223
223,223,192,192
192,192,233,233
233,233,192,192
192,192,243,243
243,243,192,192
192,192,254,254
254,254,192,192
192,192,264,264
264,264,192,192
192,192,274,274
274,274,192,192
192,192,284,284
284,284,192,192
192,192,295,295
295,295,192,192
193,193,204,204
204,204,193,193
193,193,214,214
214,214,193,193
193,193,224,224
224,224,193,193
193,193,234,234
234,234,193,193
193,193,244,244
244,244,193,193
193,193,255,255
255,255,193,193
193,193,265,265
265,265,193,193
193,193,275,275
275,275,193,193
193,193,285,285
285,285,193,193
193,193,296,296
296,296,193,193
194,194,205,205
205,205,194,194
194,194,215,215
215,215,194,194
194,194,225,225
225,225,194,194
194,194,235,235
235,235,194,194
194,194,245,245
245,245,194,194
194,194,256,256
256,256,194,194
194,194,266,266
266,266,194,194
194,194,276,276
276,276,194,194
194,194,286,286
286,286,194,194
195,195,206,206
206,206,195,195
195,195,216,216
216,216,195,195
195,195,226,226
226,226,195,195
195,195,236,236
236,236,195,195
195,195,246,246
246,246,195,195
195,195,257,257
257,257,195,195
195,195,267,267
267,267,195,195
195,195,277,277
277,277,195,195
195,195,287,287
287,287,195,195
195,195,298,298
298,298,195,195
196,196,207,207
207,207,196,196
196,196,217,217
217,217,196,196
196,196,227,227
227,227,196,196
196,196,237,237
237,237,196,196
196,196,247,247
247,247,196,196
196,196,258,258
258,258,196,196
196,196,268,268
268,268,196,196
196,196,278,278
278,278,196,196
196,196,288,288
288,288,196,196
196,196,299,299
299,299,196,196
197,197,208,208
208,208,197,197
197,197,218,218
218,218,197,197
197,197,228,228
228,228,197,197
197,197,238,238
238,238,197,197
197,197,248,248
248,248,197,197
197,197,259,259
259,259,197,197
197,197,269,269
269,269,197,197
197,197,279,279
279,279,197,197
197,197,289,289
289,289,197,197
197,197,300,300
300,300,197,197
198,198,209,209
209,209,198,198
198,198,219,219
219,219,198,198
198,198,229,229
229,229,198,198
198,198,239,239
239,239,198,198
198,198,249,249
249,249,198,198
198,198,260,260
260,260,198,198
198,198,270,270
270,270,198,198
198,198,280,280
280,280,198,198
198,198,290,290
290,290,198,198
200,200,210,210
210,210,200,200
200,200,220,220
220,220,200,200
200,200,230,230
230,230,200,200
200,200,240,240
240,240,200,200
200,200,251,251
251,251,200,200
200,200,261,261
261,261,200,200
200,200,271,271
271,271,200,200
200,200,281,281
281,281,200,200
200,200,292,292
292,292,200,200
201,201,293,293
293,293,201,201
202,202,212,212
212,212,202,202
202,202,222,222
222,222,202,202
202,202,232,232
232,232,202,202
202,202,242,242
242,242,202,202
202,202,253,253
253,253,202,202
202,202,263,263
263,263,202,202
202,202,273,273
273,273,202,202
202,202,283,283
283,283,202,202
202,202,294,294
294,294,202,202
203,203,213,213
213,213,203,203
203,203,223,223
223,223,203,203
203,203,233,233
233,233,203,203
203,203,243,243
243,243,203,203
203,203,254,254
254,254,203,203
203,203,264,264
264,264,203,203
203,203,274,274
274,274,203,203
203,203,284,284
284,284,203,203
203,203,295,295
295,295,203,203
204,204,214,214
214,214,204,204
204,204,224,224
224,224,204,204
204,204,234,234
234,234,204,204
204,204,244,244
244,244,204,204
204,204,255,255
255,255,204,204
204,204,265,265
265,265,204,204
204,204,275,275
275,275,204,204
204,204,285,285
285,285,204,204
204,204,296,296
296,296,204,204
205,205,215,215
215,215,205,205
205,205,225,225
225,225,205,205
205,205,235,235
235,235,205,205
205,205,245,245
245,245,205,205
205,205,256,256
256,256,205,205
205,205,266,266
266,266,205,205
205,205,276,276
276,276,205,205
205,205,286,286
286,286,205,205
205,205,297,297
297,297,205,205
206,206,216,216
216,216,206,206
206,206,226,226
226,226,206,206
206,206,236,236
236,236,206,206
206,206,246,246
246,246,206,206
206,206,257,257
257,257,206,206
206,206,267,267
267,267,206,206
206,206,277,277
277,277,206,206
206,206,287,287
287,287,206,206
206,206,298,298
298,298,206,206
207,207,217,217
217,217,207,207
207,207,227,227
227,227,207,207
207,207,237,237
237,237,207,207
207,207,247,247
247,247,207,207
207,207,258,258
258,258,207,207
207,207,268,268
268,268,207,207
207,207,278,278
278,278,207,207
207,207,288,288
288,288,207,207
207,207,299,299
299,299,207,207
208,208,218,218
218,218,208,208
208,208,228,228
228,228,208,208
208,208,238,238
238,238,208,208
208,208,248,248
248,248,208,208
208,208,259,259
259,259,208,208
208,208,269,269
269,269,208,208
208,208,279,279
279,279,208,208
208,208,289,289
289,289,208,208
208,208,300,300
300,300,208,208
209,209,219,219
219,219,209,209
209,209,229,229
229,229,209,209
209,209,239,239
239,239,209,209
209,209,249,249
249,249,209,209
209,209,260,260
260,260,209,209
209,209,270,270
270,270,209,209
209,209,280,280
280,280,209,209
209,209,290,290
290,290,209,209
210,210,220,220
220,220,210,210
210,210,230,230
230,230,210,210
210,210,240,240
240,240,210,210
210,210,251,251
251,251,210,210
210,210,261,261
261,261,210,210
210,210,271,271
271,271,210,210
210,210,281,281
281,281,210,210
210,210,292,292
292,292,210,210
211,211,221,221
221,221,211,211
211,211,231,231
231,231,211,211
211,211,241,241
241,241,211,211
211,211,252,252
252,252,211,211
211,211,262,262
262,262,211,211
211,211,272,272
272,272,211,211
211,211,282,282
282,282,211,211
212,212,222,222
222,222,212,212
212,212,232,232
232,232,212,212
212,212,242,242
242,242,212,212
212,212,253,253
253,253,212,212
212,212,263,263
263,263,212,212
212,212,273,273
273,273,212,212
212,212,283,283
283,283,212,212
212,212,294,294
294,294,212,212
213,213,223,223
223,223,213,213
213,213,233,233
233,233,213,213
213,213,243,243
243,243,213,213
213,213,254,254
254,254,213,213
213,213,264,264
264,264,213,213
213,213,274,274
274,274,213,213
213,213,284,284
284,284,213,213
213,213,295,295
295,295,213,213
214,214,224,224
224,224,214,214
214,214,234,234
234,234,214,214
214,214,244,244
244,244,214,214
214,214,255,255
255,255,214,214
214,214,265,265
265,265,214,214
214,214,275,275
275,275,214,214
214,214,285,285
285,285,214,214
214,214,296,296
296,296,214,214
215,215,225,225
225,225,215,215
215,215,235,235
235,235,215,215
215,215,245,245
245,245,215,215
215,215,256,256
256,256,215,215
215,215,266,266
266,266,215,215
215,215,276,276
276,276,215,215
215,215,286,286
286,286,215,215
215,215,297,297
297,297,215,215
216,216,226,226
226,226,216,216
216,216,236,236
236,236,216,216
216,216,246,246
246,246,216,216
216,216,257,257
257,257,216,216
216,216,267,267
267,267,216,216
216,216,277,277
277,277,216,216
216,216,287,287
287,287,216,216
216,216,298,298
298,298,216,216
217,217,227,227
227,227,217,217
217,217,237,237
237,237,217,217
217,217,247,247
247,247,217,217
217,217,258,258
258,258,217,217
217,217,268,268
268,268,217,217
217,217,278,278
278,278,217,217
217,217,288,288
288,288,217,217
217,217,299,299
299,299,217,217
218,218,228,228
228,228,218,218
218,218,238,238
238,238,218,218
218,218,248,248
248,248,218,218
218,218,259,259
259,259,218,218
218,218,269,269
269,269,218,218
218,218,279,279
279,279,218,218
218,218,289,289
289,289,218,218
218,218,300,300
300,300,218,218
219,219,229,229
229,229,219,219
219,219,239,239
239,239,219,219
219,219,249,249
249,249,219,219
219,219,260,260
260,260,219,219
219,219,270,270
270,270,219,219
219,219,280,280
280,280,219,219
219,219,290,290
290,290,219,219
220,220,230,230
230,230,220,220
220,220,240,240
240,240,220,220
220,220,251,251
251,251,220,220
220,220,261,261
261,261,220,220
220,220,271,271
271,271,220,220
220,220,281,281
281,281,220,220
220,220,292,292
292,292,220,220
221,221,231,231
231,231,221,221
221,221,241,241
241,241,221,221
221,221,252,252
252,252,221,221
221,221,262,262
262,262,221,221
221,221,272,272
272,272,221,221
221,221,282,282
282,282,221,221
222,222,232,232
232,232,222,222
222,222,242,242
242,242,222,222
222,222,253,253
253,253,222,222
222,222,263,263
263,263,222,222
222,222,273,273
273,273,222,222
222,222,283,283
283,283,222,222
222,222,294,294
294,294,222,222
223,223,233,233
233,233,223,223
223,223,243,243
243,243,223,223
223,223,254,254
254,254,223,223
223,223,264,264
264,264,223,223
223,223,274,274
274,274,223,223
223,223,284,284
284,284,223,223
223,223,295,295
295,295,223,223
224,224,234,234
234,234,224,224
224,224,244,244
244,244,224,224
224,224,255,255
255,255,224,224
224,224,265,265
265,265,224,224
224,224,275,275
275,275,224,224
224,224,285,285
285,285,224,224
224,224,296,296
296,296,224,224
225,225,235,235
235,235,225,225
225,225,245,245
245,245,225,225
225,225,256,256
256,256,225,225
225,225,266,266
266,266,225,225
225,225,276,276
276,276,225,225
225,225,286,286
286,286,225,225
226,226,236,236
236,236,226,226
226,226,246,246
246,246,226,226
226,226,257,257
257,257,226,226
226,226,267,267
267,267,226,226
226,226,277,277
277,277,226,226
226,226,287,287
287,287,226,226
226,226,298,298
298,298,226,226
227,227,237,237
237,237,227,227
227,227,247,247
247,247,227,227
227,227,258,258
258,258,227,227
227,227,268,268
268,268,227,227
227,227,278,278
278,278,227,227
227,227,288,288
288,288,227,227
227,227,299,299
299,299,227,227
228,228,238,238
238,238,228,228
228,228,248,248
248,248,228,228
228,228,259,259
259,259,228,228
228,228,269,269
269,269,228,228
228,228,279,279
279,279,228,228
228,228,289,289
289,289,228,228
228,228,300,300
300,300,228,228
229,229,239,239
239,239,229,229
229,229,249,249
249,249,229,229
229,229,260,260
260,260,229,229
229,229,270,270
270,270,229,229
229,229,280,280
280,280,229,229
229,229,290,290
290,290,229,229
230,230,240,240
240,240,230,230
230,230,251,251
251,251,230,230
230,230,261,261
261,261,230,230
230,230,271,271
271,271,230,230
230,230,281,281
281,281,230,230
230,230,292,292
292,292,230,230
231,231,241,241
241,241,231,231
231,231,252,252
252,252,231,231
231,231,262,262
262,262,231,231
231,231,272,272
272,272,231,231
231,231,282,282
282,282,231,231
232,232,242,242
242,242,232,232
232,232,253,253
253,253,232,232
232,232,263,263
263,263,232,232
232,232,273,273
273,273,232,232
232,232,283,283
283,283,232,232
232,232,294,294
294,294,232,232
233,233,243,243
243,243,233,233
233,233,254,254
254,254,233,233
233,233,264,264
264,264,233,233
233,233,274,274
274,274,233,233
233,233,284,284
284,284,233,233
233,233,295,295
295,295,233,233
234,234,244,244
244,244,234,234
234,234,255,255
255,255,234,234
234,234,265,265
265,265,234,234
234,234,275,275
275,275,234,234
234,234,285,285
285,285,234,234
234,234,296,296
296,296,234,234
235,235,245,245
245,245,235,235
235,235,256,256
256,256,235,235
235,235,266,266
266,266,235,235
235,235,276,276
276,276,235,235
235,235,286,286
286,286,235,235
236,236,246,246
246,246,236,236
236,236,257,257
257,257,236,236
236,236,267,267
267,267,236,236
236,236,277,277
277,277,236,236
236,236,287,287
287,287,236,236
236,236,298,298
298,298,236,236
237,237,247,247
247,247,237,237
237,237,258,258
258,258,237,237
237,237,268,268
268,268,237,237
237,237,278,278
278,278,237,237
237,237,288,288
288,288,237,237
237,237,299,299
299,299,237,237
238,238,248,248
248,248,238,238
238,238,259,259
259,259,238,238
238,238,269,269
269,269,238,238
238,238,279,279
279,279,238,238
238,238,289,289
289,289,238,238
238,238,300,300
300,300,238,238
239,239,249,249
249,249,239,239
239,239,260,260
260,260,239,239
239,239,270,270
270,270,239,239
239,239,280,280
280,280,239,239
239,239,290,290
290,290,239,239
240,240,251,251
251,251,240,240
240,240,261,261
261,261,240,240
240,240,271,271
271,271,240,240
240,240,281,281
281,281,240,240
240,240,292,292
292,292,240,240
241,241,252,252
252,252,241,241
241,241,262,262
262,262,241,241
241,241,272,272
272,272,241,241
241,241,282,282
282,282,241,241
242,242,253,253
253,253,242,242
242,242,263,263
263,263,242,242
242,242,273,273
273,273,242,242
242,242,283,283
283,283,242,242
242,242,294,294
294,294,242,242
243,243,254,254
254,254,243,243
243,243,264,264
264,264,243,243
243,243,274,274
274,274,243,243
243,243,284,284
284,284,243,243
243,243,295,295
295,295,243,243
244,244,255,255
255,255,244,244
244,244,265,265
265,265,244,244
244,244,275,275
275,275,244,244
244,244,285,285
285,285,244,244
244,244,296,296
296,296,244,244
245,245,256,256
256,256,245,245
245,245,266,266
266,266,245,245
245,245,276,276
276,276,245,245
245,245,286,286
286,286,245,245
246,246,257,257
257,257,246,246
246,246,267,267
267,267,246,246
246,246,277,277
277,277,246,246
246,246,287,287
287,287,246,246
246,246,298,298
298,298,246,246
247,247,258,258
258,258,247,247
247,247,268,268
268,268,247,247
247,247,278,278
278,278,247,247
247,247,288,288
288,288,247,247
247,247,299,299
299,299,247,247
248,248,259,259
259,259,248,248
248,248,269,269
269,269,248,248
248,248,279,279
279,279,248,248
248,248,289,289
289,289,248,248
248,248,300,300
300,300,248,248
249,249,260,260
260,260,249,249
249,249,270,270
270,270,249,249
249,249,280,280
280,280,249,249
249,249,290,290
290,290,249,249
251,251,261,261
261,261,251,251
251,251,271,271
271,271,251,251
251,251,281,281
281,281,251,251
251,251,292,292
292,292,251,251
252,252,262,262
262,262,252,252
252,252,272,272
272,272,252,252
252,252,282,282
282,282,252,252
253,253,263,263
263,263,253,253
253,253,273,273
273,273,253,253
253,253,283,283
283,283,253,253
253,253,294,294
294,294,253,253
254,254,264,264
264,264,254,254
254,254,274,274
274,274,254,254
254,254,284,284
284,284,254,254
254,254,295,295
295,295,254,254
255,255,265,265
265,265,255,255
255,255,275,275
275,275,255,255
255,255,285,285
285,285,255,255
255,255,296,296
296,296,255,255
256,256,266,266
266,266,256,256
256,256,276,276
276,276,256,256
256,256,286,286
286,286,256,256
256,256,297,297
297,297,256,256
257,257,267,267
267,267,257,257
257,257,277,277
277,277,257,257
257,257,287,287
287,287,257,257
257,257,298,298
298,298,257,257
258,258,268,268
268,268,258,258
258,258,278,278
278,278,258,258
258,258,288,288
288,288,258,258
258,258,299,299
299,299,258,258
259,259,269,269
269,269,259,259
259,259,279,279
279,279,259,259
259,259,289,289
289,289,259,259
259,259,300,300
300,300,259,259
260,260,270,270
270,270,260,260
260,260,280,280
280,280,260,260
260,260,290,290
290,290,260,260
261,261,271,271
271,271,261,261
261,261,281,281
281,281,261,261
261,261,292,292
292,292,261,261
262,262,272,272
272,272,262,262
262,262,282,282
282,282,262,262
263,263,273,273
273,273,263,263
263,263,283,283
283,283,263,263
263,263,294,294
294,294,263,263
264,264,274,274
274,274,264,264
264,264,284,284
284,284,264,264
264,264,295,295
295,295,264,264
265,265,275,275
275,275,265,265
265,265,285,285
285,285,265,265
265,265,296,296
296,296,265,265
266,266,276,276
276,276,266,266
266,266,286,286
286,286,266,266
267,267,277,277
277,277,267,267
267,267,287,287
287,287,267,267
267,267,298,298
298,298,267,267
268,268,278,278
278,278,268,268
268,268,288,288
288,288,268,268
268,268,299,299
299,299,268,268
269,269,279,279
279,279,269,269
269,269,289,289
289,289,269,269
269,269,300,300
300,300,269,269
270,270,280,280
280,280,270,270
270,270,290,290
290,290,270,270
271,271,281,281
281,281,271,271
271,271,292,292
292,292,271,271
272,272,282,282
282,282,272,272
273,273,283,283
283,283,273,273
273,273,294,294
294,294,273,273
274,274,284,284
284,284,274,274
274,274,295,295
295,295,274,274
275,275,285,285
285,285,275,275
275,275,296,296
296,296,275,275
276,276,286,286
286,286,276,276
276,276,297,297
297,297,276,276
277,277,287,287
287,287,277,277
277,277,298,298
298,298,277,277
278,278,288,288
288,288,278,278
278,278,299,299
299,299,278,278
279,279,289,289
289,289,279,279
279,279,300,300
300,300,279,279
280,280,290,290
290,290,280,280
281,281,292,292
292,292,281,281
283,283,294,294
294,294,283,283
284,284,295,295
295,295,284,284
285,285,296,296
296,296,285,285
286,286,297,297
297,297,286,286
287,287,298,298
298,298,287,287
288,288,299,299
299,299,288,288
289,289,300,300
300,300,289,289
301,301,306,306
306,306,301,301
301,301,312,312
312,312,301,301
301,301,318,318
318,318,301,301
301,301,325,325
325,325,301,301
301,301,333,333
333,333,301,301
301,301,335,335
335,335,301,301
301,301,341,341
341,341,301,301
301,301,347,347
347,347,301,301
301,301,352,352
352,352,301,301
301,301,356,356
356,356,301,301
301,301,361,361
361,361,301,301
301,301,366,366
366,366,301,301
301,301,372,372
372,372,301,301
301,301,377,377
377,377,301,301
301,301,382,382
382,382,301,301
301,301,387,387
387,387,301,301
301,301,392,392
392,392,301,301
301,301,405,405
405,405,301,301
301,301,414,414
414,414,301,301
301,301,420,420
420,420,301,301
301,301,430,430
430,430,301,301
302,302,319,319
319,319,302,302
303,303,310,310
310,310,303,303
303,303,316,316
316,316,303,303
303,303,322,322
322,322,303,303
303,303,329,329
329,329,303,303
303,303,331,331
331,331,303,303
303,303,339,339
339,339,303,303
303,303,353,353
353,353,303,303
303,303,357,357
357,357,303,303
303,303,362,362
362,362,303,303
303,303,370,370
370,370,303,303
303,303,373,373
373,373,303,303
303,303,383,383
383,383,303,303
303,303,388,388
388,388,303,303
303,303,396,396
396,396,303,303
303,303,419,419
419,419,303,303
303,303,423,423
423,423,303,303
303,303,424,424
424,424,303,303
304,304,317,317
317,317,304,304
305,305,308,308
308,308,305,305
305,305,314,314
314,314,305,305
305,305,320,320
320,320,305,305
305,305,327,327
327,327,305,305
305,305,337,337
337,337,305,305
306,306,312,312
312,312,306,306
306,306,318,318
318,318,306,306
306,306,325,325
325,325,306,306
306,306,333,333
333,333,306,306
306,306,335,335
335,335,306,306
306,306,341,341
341,341,306,306
306,306,347,347
347,347,306,306
306,306,352,352
352,352,306,306
306,306,356,356
356,356,306,306
306,306,361,361
361,361,306,306
306,306,366,366
366,366,306,306
306,306,372,372
372,372,306,306
306,306,377,377
377,377,306,306
306,306,382,382
382,382,306,306
306,306,387,387
387,387,306,306
306,306,392,392
392,392,306,306
306,306,405,405
405,405,306,306
306,306,414,414
414,414,306,306
306,306,420,420
420,420,306,306
306,306,430,430
430,430,306,306
308,308,314,314
314,314,308,308
308,308,320,320
320,320,308,308
308,308,327,327
327,327,308,308
308,308,337,337
337,337,308,308
309,309,328,328
328,328,309,309
310,310,316,316
316,316,310,310
310,310,322,322
322,322,310,310
310,310,329,329
329,329,310,310
310,310,331,331
331,331,310,310
310,310,339,339
339,339,310,310
310,310,348,348
348,348,310,310
310,310,353,353
353,353,310,310
310,310,370,370
370,370,310,310
310,310,373,373
373,373,310,310
310,310,383,383
383,383,310,310
310,310,388,388
388,388,310,310
310,310,396,396
396,396,310,310
310,310,407,407
407,407,310,310
310,310,419,419
419,419,310,310
310,310,423,423
423,423,310,310
310,310,424,424
424,424,310,310
311,311,317,317
317,317,311,311
311,311,323,323
323,323,311,311
311,311,330,330
330,330,311,311
312,312,318,318
318,318,312,312
312,312,325,325
325,325,312,312
312,312,333,333
333,333,312,312
312,312,335,335
335,335,312,312
312,312,341,341
341,341,312,312
312,312,347,347
347,347,312,312
312,312,352,352
352,352,312,312
312,312,356,356
356,356,312,312
312,312,361,361
361,361,312,312
312,312,366,366
366,366,312,312
312,312,372,372
372,372,312,312
312,312,377,377
377,377,312,312
312,312,382,382
382,382,312,312
312,312,387,387
387,387,312,312
312,312,392,392
392,392,312,312
312,312,405,405
405,405,312,312
312,312,414,414
414,414,312,312
312,312,420,420
420,420,312,312
312,312,430,430
430,430,312,312
314,314,320,320
320,320,314,314
314,314,327,327
327,327,314,314
314,314,337,337
337,337,314,314
316,316,322,322
322,322,316,316
316,316,329,329
329,329,316,316
316,316,331,331
331,331,316,316
316,316,339,339
339,339,316,316
316,316,353,353
353,353,316,316
316,316,370,370
370,370,316,316
316,316,388,388
388,388,316,316
316,316,396,396
396,396,316,316
316,316,419,419
419,419,316,316
316,316,423,423
423,423,316,316
316,316,424,424
424,424,316,316
317,317,323,323
323,323,317,317
317,317,330,330
330,330,317,317
317,317,332,332
332,332,317,317
317,317,340,340
340,340,317,317
318,318,325,325
325,325,318,318
318,318,333,333
333,333,318,318
318,318,335,335
335,335,318,318
318,318,341,341
341,341,318,318
318,318,347,347
347,347,318,318
318,318,352,352
352,352,318,318
318,318,356,356
356,356,318,318
318,318,361,361
361,361,318,318
318,318,366,366
366,366,318,318
318,318,372,372
372,372,318,318
318,318,377,377
377,377,318,318
318,318,382,382
382,382,318,318
318,318,387,387
387,387,318,318
318,318,392,392
392,392,318,318
318,318,405,405
405,405,318,318
318,318,414,414
414,414,318,318
318,318,420,420
420,420,318,318
318,318,430,430
430,430,318,318
319,319,326,326
326,326,319,319
319,319,390,390
390,390,319,319
320,320,327,327
327,327,320,320
320,320,337,337
337,337,320,320
322,322,329,329
329,329,322,322
322,322,331,331
331,331,322,322
322,322,339,339
339,339,322,322
322,322,345,345
345,345,322,322
322,322,353,353
353,353,322,322
322,322,357,357
357,357,322,322
322,322,370,370
370,370,322,322
322,322,373,373
373,373,322,322
322,322,378,378
378,378,322,322
322,322,383,383
383,383,322,322
322,322,388,388
388,388,322,322
322,322,396,396
396,396,322,322
322,322,407,407
407,407,322,322
322,322,419,419
419,419,322,322
322,322,423,423
423,423,322,322
322,322,424,424
424,424,322,322
323,323,330,330
330,330,323,323
323,323,332,332
332,332,323,323
323,323,340,340
340,340,323,323
325,325,333,333
333,333,325,325
325,325,335,335
335,335,325,325
325,325,341,341
341,341,325,325
325,325,347,347
347,347,325,325
325,325,352,352
352,352,325,325
325,325,356,356
356,356,325,325
325,325,361,361
361,361,325,325
325,325,366,366
366,366,325,325
325,325,372,372
372,372,325,325
325,325,377,377
377,377,325,325
325,325,382,382
382,382,325,325
325,325,387,387
387,387,325,325
325,325,392,392
392,392,325,325
325,325,405,405
405,405,325,325
325,325,414,414
414,414,325,325
325,325,420,420
420,420,325,325
325,325,430,430
430,430,325,325
327,327,337,337
337,337,327,327
329,329,331,331
331,331,329,329
329,329,339,339
339,339,329,329
329,329,348,348
348,348,329,329
329,329,353,353
353,353,329,329
329,329,362,362
362,362,329,329
329,329,373,373
373,373,329,329
329,329,383,383
383,383,329,329
329,329,388,388
388,388,329,329
329,329,396,396
396,396,329,329
329,329,407,407
407,407,329,329
329,329,419,419
419,419,329,329
329,329,423,423
423,423,329,329
329,329,424,424
424,424,329,329
330,330,332,332
332,332,330,330
330,330,340,340
340,340,330,330
331,331,339,339
339,339,331,331
331,331,388,388
388,388,331,331
331,331,396,396
396,396,331,331
331,331,419,419
419,419,331,331
331,331,423,423
423,423,331,331
331,331,424,424
424,424,331,331
333,333,335,335
335,335,333,333
333,333,341,341
341,341,333,333
333,333,347,347
347,347,333,333
333,333,352,352
352,352,333,333
333,333,356,356
356,356,333,333
333,333,361,361
361,361,333,333
333,333,366,366
366,366,333,333
333,333,372,372
372,372,333,333
333,333,377,377
377,377,333,333
333,333,382,382
382,382,333,333
333,333,387,387
387,387,333,333
333,333,392,392
392,392,333,333
333,333,405,405
405,405,333,333
333,333,414,414
414,414,333,333
333,333,420,420
420,420,333,333
333,333,430,430
430,430,333,333
334,334,406,406
406,406,334,334
335,335,341,341
341,341,335,335
335,335,347,347
347,347,335,335
335,335,352,352
352,352,335,335
335,335,356,356
356,356,335,335
335,335,361,361
361,361,335,335
335,335,366,366
366,366,335,335
335,335,372,372
372,372,335,335
335,335,377,377
377,377,335,335
335,335,382,382
382,382,335,335
335,335,387,387
387,387,335,335
335,335,392,392
392,392,335,335
335,335,405,405
405,405,335,335
335,335,414,414
414,414,335,335
335,335,420,420
420,420,335,335
335,335,430,430
430,430,335,335
339,339,357,357
357,357,339,339
339,339,388,388
388,388,339,339
339,339,396,396
396,396,339,339
339,339,407,407
407,407,339,339
339,339,419,419
419,419,339,339
339,339,423,423
423,423,339,339
339,339,424,424
424,424,339,339
341,341,347,347
347,347,341,341
341,341,352,352
352,352,341,341
341,341,356,356
356,356,341,341
341,341,361,361
361,361,341,341
341,341,366,366
366,366,341,341
341,341,372,372
372,372,341,341
341,341,377,377
377,377,341,341
341,341,382,382
382,382,341,341
341,341,387,387
387,387,341,341
341,341,392,392
392,392,341,341
341,341,405,405
405,405,341,341
341,341,414,414
414,414,341,341
341,341,420,420
420,420,341,341
341,341,430,430
430,430,341,341
342,342,389,389
389,389,342,342
344,344,355,355
355,355,344,344
344,344,368,368
368,368,344,344
344,344,390,390
390,390,344,344
345,345,348,348
348,348,345,345
345,345,353,353
353,353,345,345
345,345,357,357
357,357,345,345
345,345,362,362
362,362,345,345
345,345,370,370
370,370,345,345
345,345,373,373
373,373,345,345
345,345,378,378
378,378,345,345
345,345,383,383
383,383,345,345
345,345,388,388
388,388,345,345
345,345,396,396
396,396,345,345
345,345,407,407
407,407,345,345
345,345,419,419
419,419,345,345
345,345,423,423
423,423,345,345
347,347,352,352
352,352,347,347
347,347,356,356
356,356,347,347
347,347,361,361
361,361,347,347
347,347,366,366
366,366,347,347
347,347,372,372
372,372,347,347
347,347,377,377
377,377,347,347
347,347,382,382
382,382,347,347
347,347,387,387
387,387,347,347
347,347,392,392
392,392,347,347
347,347,405,405
405,405,347,347
347,347,414,414
414,414,347,347
347,347,420,420
420,420,347,347
347,347,430,430
430,430,347,347
348,348,353,353
353,353,348,348
348,348,357,357
357,357,348,348
348,348,362,362
362,362,348,348
348,348,370,370
370,370,348,348
348,348,373,373
373,373,348,348
348,348,378,378
378,378,348,348
348,348,383,383
383,383,348,348
348,348,388,388
388,388,348,348
348,348,407,407
407,407,348,348
348,348,419,419
419,419,348,348
348,348,423,423
423,423,348,348
349,349,358,358
358,358,349,349
349,349,363,363
363,363,349,349
351,351,360,360
360,360,351,351
351,351,365,365
365,365,351,351
351,351,376,376
376,376,351,351
351,351,381,381
381,381,351,351
351,351,386,386
386,386,351,351
352,352,356,356
356,356,352,352
352,352,361,361
361,361,352,352
352,352,366,366
366,366,352,352
352,352,372,372
372,372,352,352
352,352,377,377
377,377,352,352
352,352,382,382
382,382,352,352
352,352,387,387
387,387,352,352
352,352,392,392
392,392,352,352
352,352,405,405
405,405,352,352
352,352,414,414
414,414,352,352
352,352,420,420
420,420,352,352
352,352,430,430
430,430,352,352
353,353,357,357
357,357,353,353
353,353,362,362
362,362,353,353
353,353,370,370
370,370,353,353
353,353,373,373
373,373,353,353
353,353,378,378
378,378,353,353
353,353,383,383
383,383,353,353
353,353,388,388
388,388,353,353
353,353,396,396
396,396,353,353
353,353,407,407
407,407,353,353
353,353,419,419
419,419,353,353
353,353,423,423
423,423,353,353
353,353,424,424
424,424,353,353
354,354,358,358
358,358,354,354
354,354,363,363
363,363,354,354
355,355,360,360
360,360,355,355
355,355,381,381
381,381,355,355
355,355,386,386
386,386,355,355
355,355,390,390
390,390,355,355
356,356,361,361
361,361,356,356
356,356,366,366
366,366,356,356
356,356,372,372
372,372,356,356
356,356,377,377
377,377,356,356
356,356,382,382
382,382,356,356
356,356,387,387
387,387,356,356
356,356,392,392
392,392,356,356
356,356,405,405
405,405,356,356
356,356,414,414
414,414,356,356
356,356,420,420
420,420,356,356
356,356,430,430
430,430,356,356
357,357,362,362
362,362,357,357
357,357,370,370
370,370,357,357
357,357,373,373
373,373,357,357
357,357,378,378
378,378,357,357
357,357,383,383
383,383,357,357
357,357,388,388
388,388,357,357
357,357,396,396
396,396,357,357
357,357,407,407
407,407,357,357
357,357,419,419
419,419,357,357
357,357,423,423
423,423,357,357
357,357,424,424
424,424,357,357
358,358,363,363
363,363,358,358
360,360,365,365
365,365,360,360
360,360,376,376
376,376,360,360
360,360,381,381
381,381,360,360
360,360,386,386
386,386,360,360
360,360,390,390
390,390,360,360
361,361,366,366
366,366,361,361
361,361,372,372
372,372,361,361
361,361,377,377
377,377,361,361
361,361,382,382
382,382,361,361
361,361,387,387
387,387,361,361
361,361,392,392
392,392,361,361
361,361,405,405
405,405,361,361
361,361,414,414
414,414,361,361
361,361,420,420
420,420,361,361
361,361,430,430
430,430,361,361
362,362,370,370
370,370,362,362
362,362,373,373
373,373,362,362
362,362,378,378
378,378,362,362
362,362,383,383
383,383,362,362
362,362,388,388
388,388,362,362
362,362,396,396
396,396,362,362
362,362,419,419
419,419,362,362
362,362,423,423
423,423,362,362
362,362,424,424
424,424,362,362
363,363,379,379
379,379,363,363
364,364,375,375
375,375,364,364
364,364,380,380
380,380,364,364
364,364,385,385
385,385,364,364
365,365,376,376
376,376,365,365
365,365,386,386
386,386,365,365
365,365,390,390
390,390,365,365
365,365,422,422
422,422,365,365
366,366,372,372
372,372,366,366
366,366,377,377
377,377,366,366
366,366,382,382
382,382,366,366
366,366,387,387
387,387,366,366
366,366,392,392
392,392,366,366
366,366,405,405
405,405,366,366
366,366,414,414
414,414,366,366
366,366,420,420
420,420,366,366
366,366,430,430
430,430,366,366
370,370,373,373
373,373,370,370
370,370,378,378
378,378,370,370
370,370,383,383
383,383,370,370
370,370,388,388
388,388,370,370
370,370,396,396
396,396,370,370
370,370,407,407
407,407,370,370
370,370,419,419
419,419,370,370
370,370,423,423
423,423,370,370
370,370,424,424
424,424,370,370
372,372,377,377
377,377,372,372
372,372,382,382
382,382,372,372
372,372,387,387
387,387,372,372
372,372,392,392
392,392,372,372
372,372,405,405
405,405,372,372
372,372,414,414
414,414,372,372
372,372,420,420
420,420,372,372
372,372,430,430
430,430,372,372
373,373,378,378
378,378,373,373
373,373,383,383
383,383,373,373
373,373,388,388
388,388,373,373
373,373,396,396
396,396,373,373
373,373,407,407
407,407,373,373
373,373,419,419
419,419,373,373
373,373,423,423
423,423,373,373
373,373,424,424
424,424,373,373
375,375,380,380
380,380,375,375
375,375,385,385
385,385,375,375
376,376,381,381
381,381,376,376
376,376,386,386
386,386,376,376
376,376,390,390
390,390,376,376
377,377,382,382
382,382,377,377
377,377,387,387
387,387,377,377
377,377,392,392
392,392,377,377
377,377,405,405
405,405,377,377
377,377,414,414
414,414,377,377
377,377,420,420
420,420,377,377
377,377,430,430
430,430,377,377
378,378,383,383
383,383,378,378
378,378,388,388
388,388,378,378
378,378,407,407
407,407,378,378
378,378,419,419
419,419,378,378
378,378,423,423
423,423,378,378
378,378,424,424
424,424,378,378
380,380,385,385
385,385,380,380
381,381,386,386
386,386,381,381
381,381,390,390
390,390,381,381
382,382,387,387
387,387,382,382
382,382,392,392
392,392,382,382
382,382,405,405
405,405,382,382
382,382,414,414
414,414,382,382
382,382,420,420
420,420,382,382
382,382,430,430
430,430,382,382
383,383,388,388
388,388,383,383
383,383,396,396
396,396,383,383
383,383,407,407
407,407,383,383
383,383,419,419
419,419,383,383
383,383,423,423
423,423,383,383
383,383,424,424
424,424,383,383
386,386,390,390
390,390,386,386
387,387,392,392
392,392,387,387
387,387,405,405
405,405,387,387
387,387,414,414
414,414,387,387
387,387,420,420
420,420,387,387
387,387,430,430
430,430,387,387
388,388,396,396
396,396,388,388
388,388,407,407
407,407,388,388
388,388,419,419
419,419,388,388
388,388,423,423
423,423,388,388
388,388,424,424
424,424,388,388
389,389,421,421
421,421,389,389
390,390,418,418
418,418,390,390
392,392,405,405
405,405,392,392
392,392,414,414
414,414,392,392
392,392,420,420
420,420,392,392
392,392,430,430
430,430,392,392
396,396,419,419
419,419,396,396
396,396,423,423
423,423,396,396
396,396,424,424
424,424,396,396
405,405,414,414
414,414,405,405
405,405,420,420
420,420,405,405
405,405,430,430
430,430,405,405
407,407,419,419
419,419,407,407
407,407,423,423
423,423,407,407
407,407,424,424
424,424,407,407
414,414,420,420
420,420,414,414
414,414,430,430
430,430,414,414
415,415,421,421
421,421,415,415
418,418,422,422
422,422,418,418
419,419,423,423
423,423,419,419
419,419,424,424
424,424,419,419
420,420,430,430
430,430,420,420
423,423,424,424
424,424,423,423
