1,1,3,3
3,3,1,1
1,1,5,5
5,5,1,1
1,1,7,7
7,7,1,1
1,1,9,9
9,9,1,1
1,1,11,11
11,11,1,1
1,1,13,13
13,13,1,1
1,1,17,17
17,17,1,1
1,1,20,20
20,20,1,1
1,1,23,23
23,23,1,1
1,1,25,25
25,25,1,1
1,1,27,27
27,27,1,1
1,1,29,29
29,29,1,1
1,1,31,31
31,31,1,1
1,1,36,36
36,36,1,1
1,1,38,38
38,38,1,1
1,1,40,40
40,40,1,1
1,1,41,41
41,41,1,1
1,1,50,50
50,50,1,1
1,1,51,51
51,51,1,1
1,1,53,53
53,53,1,1
1,1,55,55
55,55,1,1
1,1,57,57
57,57,1,1
1,1,59,59
59,59,1,1
1,1,61,61
61,61,1,1
1,1,63,63
63,63,1,1
1,1,65,65
65,65,1,1
1,1,67,67
67,67,1,1
1,1,69,69
69,69,1,1
1,1,72,72
72,72,1,1
1,1,73,73
73,73,1,1
1,1,77,77
77,77,1,1
1,1,80,80
80,80,1,1
1,1,82,82
82,82,1,1
1,1,84,84
84,84,1,1
1,1,86,86
86,86,1,1
1,1,88,88
88,88,1,1
1,1,90,90
90,90,1,1
1,1,92,92
92,92,1,1
1,1,94,94
94,94,1,1
1,1,96,96
96,96,1,1
1,1,98,98
98,98,1,1
1,1,100,100
100,100,1,1
1,1,102,102
102,102,1,1
1,1,104,104
104,104,1,1
1,1,106,106
106,106,1,1
1,1,108,108
108,108,1,1
1,1,111,111
111,111,1,1
2,2,4,4
4,4,2,2
2,2,6,6
6,6,2,2
2,2,8,8
8,8,2,2
2,2,10,10
10,10,2,2
2,2,12,12
12,12,2,2
2,2,14,14
14,14,2,2
2,2,15,15
15,15,2,2
2,2,18,18
18,18,2,2
2,2,21,21
21,21,2,2
2,2,24,24
24,24,2,2
2,2,26,26
26,26,2,2
2,2,28,28
28,28,2,2
2,2,30,30
30,30,2,2
2,2,35,35
35,35,2,2
2,2,37,37
37,37,2,2
2,2,39,39
39,39,2,2
2,2,48,48
48,48,2,2
2,2,49,49
49,49,2,2
2,2,52,52
52,52,2,2
2,2,54,54
54,54,2,2
2,2,56,56
56,56,2,2
2,2,58,58
58,58,2,2
2,2,60,60
60,60,2,2
2,2,62,62
62,62,2,2
2,2,64,64
64,64,2,2
2,2,66,66
66,66,2,2
2,2,68,68
68,68,2,2
2,2,70,70
70,70,2,2
2,2,71,71
71,71,2,2
2,2,74,74
74,74,2,2
2,2,81,81
81,81,2,2
2,2,83,83
83,83,2,2
2,2,85,85
85,85,2,2
2,2,87,87
87,87,2,2
2,2,89,89
89,89,2,2
2,2,91,91
91,91,2,2
2,2,93,93
93,93,2,2
2,2,95,95
95,95,2,2
2,2,97,97
97,97,2,2
2,2,99,99
99,99,2,2
2,2,101,101
101,101,2,2
2,2,103,103
103,103,2,2
2,2,105,105
105,105,2,2
2,2,107,107
107,107,2,2
2,2,109,109
109,109,2,2
2,2,110,110
110,110,2,2
3,3,5,5
5,5,3,3
3,3,7,7
7,7,3,3
3,3,9,9
9,9,3,3
3,3,11,11
11,11,3,3
3,3,17,17
17,17,3,3
3,3,20,20
20,20,3,3
3,3,23,23
23,23,3,3
3,3,27,27
27,27,3,3
3,3,29,29
29,29,3,3
3,3,41,41
41,41,3,3
3,3,50,50
50,50,3,3
3,3,61,61
61,61,3,3
3,3,63,63
63,63,3,3
3,3,65,65
65,65,3,3
3,3,69,69
69,69,3,3
3,3,72,72
72,72,3,3
3,3,77,77
77,77,3,3
3,3,80,80
80,80,3,3
3,3,82,82
82,82,3,3
3,3,86,86
86,86,3,3
3,3,88,88
88,88,3,3
3,3,90,90
90,90,3,3
3,3,94,94
94,94,3,3
3,3,100,100
100,100,3,3
3,3,106,106
106,106,3,3
3,3,108,108
108,108,3,3
3,3,111,111
111,111,3,3
4,4,6,6
6,6,4,4
4,4,8,8
8,8,4,4
4,4,10,10
10,10,4,4
4,4,12,12
12,12,4,4
4,4,14,14
14,14,4,4
4,4,15,15
15,15,4,4
4,4,18,18
18,18,4,4
4,4,21,21
21,21,4,4
4,4,24,24
24,24,4,4
4,4,26,26
26,26,4,4
4,4,28,28
28,28,4,4
4,4,30,30
30,30,4,4
4,4,35,35
35,35,4,4
4,4,37,37
37,37,4,4
4,4,39,39
39,39,4,4
4,4,48,48
48,48,4,4
4,4,49,49
49,49,4,4
4,4,52,52
52,52,4,4
4,4,54,54
54,54,4,4
4,4,56,56
56,56,4,4
4,4,58,58
58,58,4,4
4,4,60,60
60,60,4,4
4,4,62,62
62,62,4,4
4,4,64,64
64,64,4,4
4,4,66,66
66,66,4,4
4,4,68,68
68,68,4,4
4,4,70,70
70,70,4,4
4,4,71,71
71,71,4,4
4,4,74,74
74,74,4,4
4,4,76,76
76,76,4,4
4,4,81,81
81,81,4,4
4,4,83,83
83,83,4,4
4,4,85,85
85,85,4,4
4,4,87,87
87,87,4,4
4,4,89,89
89,89,4,4
4,4,91,91
91,91,4,4
4,4,93,93
93,93,4,4
4,4,95,95
95,95,4,4
4,4,97,97
97,97,4,4
4,4,99,99
99,99,4,4
4,4,101,101
101,101,4,4
4,4,103,103
103,103,4,4
4,4,105,105
105,105,4,4
4,4,107,107
107,107,4,4
4,4,109,109
109,109,4,4
4,4,110,110
110,110,4,4
5,5,7,7
7,7,5,5
5,5,9,9
9,9,5,5
5,5,11,11
11,11,5,5
5,5,13,13
13,13,5,5
5,5,17,17
17,17,5,5
5,5,20,20
20,20,5,5
5,5,23,23
23,23,5,5
5,5,27,27
27,27,5,5
5,5,29,29
29,29,5,5
5,5,31,31
31,31,5,5
5,5,38,38
38,38,5,5
5,5,40,40
40,40,5,5
5,5,41,41
41,41,5,5
5,5,50,50
50,50,5,5
5,5,51,51
51,51,5,5
5,5,53,53
53,53,5,5
5,5,55,55
55,55,5,5
5,5,57,57
57,57,5,5
5,5,59,59
59,59,5,5
5,5,61,61
61,61,5,5
5,5,63,63
63,63,5,5
5,5,65,65
65,65,5,5
5,5,67,67
67,67,5,5
5,5,69,69
69,69,5,5
5,5,72,72
72,72,5,5
5,5,73,73
73,73,5,5
5,5,77,77
77,77,5,5
5,5,80,80
80,80,5,5
5,5,82,82
82,82,5,5
5,5,86,86
86,86,5,5
5,5,88,88
88,88,5,5
5,5,90,90
90,90,5,5
5,5,92,92
92,92,5,5
5,5,94,94
94,94,5,5
5,5,96,96
96,96,5,5
5,5,100,100
100,100,5,5
5,5,106,106
106,106,5,5
5,5,108,108
108,108,5,5
5,5,111,111
111,111,5,5
6,6,8,8
8,8,6,6
6,6,10,10
10,10,6,6
6,6,12,12
12,12,6,6
6,6,14,14
14,14,6,6
6,6,15,15
15,15,6,6
6,6,18,18
18,18,6,6
6,6,21,21
21,21,6,6
6,6,24,24
24,24,6,6
6,6,26,26
26,26,6,6
6,6,28,28
28,28,6,6
6,6,30,30
30,30,6,6
6,6,35,35
35,35,6,6
6,6,37,37
37,37,6,6
6,6,39,39
39,39,6,6
6,6,42,42
42,42,6,6
6,6,48,48
48,48,6,6
6,6,49,49
49,49,6,6
6,6,52,52
52,52,6,6
6,6,54,54
54,54,6,6
6,6,56,56
56,56,6,6
6,6,58,58
58,58,6,6
6,6,60,60
60,60,6,6
6,6,62,62
62,62,6,6
6,6,64,64
64,64,6,6
6,6,66,66
66,66,6,6
6,6,68,68
68,68,6,6
6,6,70,70
70,70,6,6
6,6,71,71
71,71,6,6
6,6,74,74
74,74,6,6
6,6,76,76
76,76,6,6
6,6,81,81
81,81,6,6
6,6,83,83
83,83,6,6
6,6,85,85
85,85,6,6
6,6,87,87
87,87,6,6
6,6,89,89
89,89,6,6
6,6,91,91
91,91,6,6
6,6,93,93
93,93,6,6
6,6,95,95
95,95,6,6
6,6,97,97
97,97,6,6
6,6,99,99
99,99,6,6
6,6,101,101
101,101,6,6
6,6,103,103
103,103,6,6
6,6,105,105
105,105,6,6
6,6,107,107
107,107,6,6
6,6,109,109
109,109,6,6
6,6,110,110
110,110,6,6
7,7,9,9
9,9,7,7
7,7,11,11
11,11,7,7
7,7,13,13
13,13,7,7
7,7,17,17
17,17,7,7
7,7,20,20
20,20,7,7
7,7,23,23
23,23,7,7
7,7,27,27
27,27,7,7
7,7,29,29
29,29,7,7
7,7,41,41
41,41,7,7
7,7,46,46
46,46,7,7
7,7,50,50
50,50,7,7
7,7,51,51
51,51,7,7
7,7,53,53
53,53,7,7
7,7,57,57
57,57,7,7
7,7,61,61
61,61,7,7
7,7,63,63
63,63,7,7
7,7,65,65
65,65,7,7
7,7,69,69
69,69,7,7
7,7,72,72
72,72,7,7
7,7,77,77
77,77,7,7
7,7,82,82
82,82,7,7
7,7,84,84
84,84,7,7
7,7,86,86
86,86,7,7
7,7,90,90
90,90,7,7
7,7,92,92
92,92,7,7
7,7,94,94
94,94,7,7
7,7,98,98
98,98,7,7
7,7,100,100
100,100,7,7
7,7,106,106
106,106,7,7
7,7,108,108
108,108,7,7
7,7,111,111
111,111,7,7
8,8,10,10
10,10,8,8
8,8,12,12
12,12,8,8
8,8,14,14
14,14,8,8
8,8,15,15
15,15,8,8
8,8,18,18
18,18,8,8
8,8,21,21
21,21,8,8
8,8,24,24
24,24,8,8
8,8,26,26
26,26,8,8
8,8,28,28
28,28,8,8
8,8,30,30
30,30,8,8
8,8,35,35
35,35,8,8
8,8,37,37
37,37,8,8
8,8,39,39
39,39,8,8
8,8,48,48
48,48,8,8
8,8,49,49
49,49,8,8
8,8,52,52
52,52,8,8
8,8,54,54
54,54,8,8
8,8,56,56
56,56,8,8
8,8,58,58
58,58,8,8
8,8,60,60
60,60,8,8
8,8,62,62
62,62,8,8
8,8,64,64
64,64,8,8
8,8,66,66
66,66,8,8
8,8,68,68
68,68,8,8
8,8,70,70
70,70,8,8
8,8,71,71
71,71,8,8
8,8,74,74
74,74,8,8
8,8,81,81
81,81,8,8
8,8,83,83
83,83,8,8
8,8,85,85
85,85,8,8
8,8,87,87
87,87,8,8
8,8,89,89
89,89,8,8
8,8,91,91
91,91,8,8
8,8,93,93
93,93,8,8
8,8,95,95
95,95,8,8
8,8,97,97
97,97,8,8
8,8,99,99
99,99,8,8
8,8,101,101
101,101,8,8
8,8,103,103
103,103,8,8
8,8,105,105
105,105,8,8
8,8,107,107
107,107,8,8
8,8,109,109
109,109,8,8
8,8,110,110
110,110,8,8
9,9,11,11
11,11,9,9
9,9,13,13
13,13,9,9
9,9,17,17
17,17,9,9
9,9,20,20
20,20,9,9
9,9,23,23
23,23,9,9
9,9,27,27
27,27,9,9
9,9,29,29
29,29,9,9
9,9,38,38
38,38,9,9
9,9,41,41
41,41,9,9
9,9,50,50
50,50,9,9
9,9,53,53
53,53,9,9
9,9,59,59
59,59,9,9
9,9,61,61
61,61,9,9
9,9,63,63
63,63,9,9
9,9,69,69
69,69,9,9
9,9,72,72
72,72,9,9
9,9,73,73
73,73,9,9
9,9,77,77
77,77,9,9
9,9,80,80
80,80,9,9
9,9,82,82
82,82,9,9
9,9,84,84
84,84,9,9
9,9,86,86
86,86,9,9
9,9,88,88
88,88,9,9
9,9,90,90
90,90,9,9
9,9,92,92
92,92,9,9
9,9,94,94
94,94,9,9
9,9,96,96
96,96,9,9
9,9,98,98
98,98,9,9
9,9,100,100
100,100,9,9
9,9,104,104
104,104,9,9
9,9,106,106
106,106,9,9
9,9,108,108
108,108,9,9
9,9,111,111
111,111,9,9
10,10,12,12
12,12,10,10
10,10,14,14
14,14,10,10
10,10,15,15
15,15,10,10
10,10,18,18
18,18,10,10
10,10,21,21
21,21,10,10
10,10,24,24
24,24,10,10
10,10,26,26
26,26,10,10
10,10,28,28
28,28,10,10
10,10,30,30
30,30,10,10
10,10,35,35
35,35,10,10
10,10,37,37
37,37,10,10
10,10,39,39
39,39,10,10
10,10,48,48
48,48,10,10
10,10,49,49
49,49,10,10
10,10,52,52
52,52,10,10
10,10,54,54
54,54,10,10
10,10,56,56
56,56,10,10
10,10,58,58
58,58,10,10
10,10,60,60
60,60,10,10
10,10,62,62
62,62,10,10
10,10,64,64
64,64,10,10
10,10,66,66
66,66,10,10
10,10,68,68
68,68,10,10
10,10,70,70
70,70,10,10
10,10,74,74
74,74,10,10
10,10,76,76
76,76,10,10
10,10,81,81
81,81,10,10
10,10,83,83
83,83,10,10
10,10,85,85
85,85,10,10
10,10,87,87
87,87,10,10
10,10,89,89
89,89,10,10
10,10,91,91
91,91,10,10
10,10,93,93
93,93,10,10
10,10,95,95
95,95,10,10
10,10,97,97
97,97,10,10
10,10,99,99
99,99,10,10
10,10,101,101
101,101,10,10
10,10,103,103
103,103,10,10
10,10,105,105
105,105,10,10
10,10,107,107
107,107,10,10
10,10,109,109
109,109,10,10
10,10,110,110
110,110,10,10
11,11,13,13
13,13,11,11
11,11,17,17
17,17,11,11
11,11,20,20
20,20,11,11
11,11,23,23
23,23,11,11
11,11,25,25
25,25,11,11
11,11,27,27
27,27,11,11
11,11,29,29
29,29,11,11
11,11,41,41
41,41,11,11
11,11,50,50
50,50,11,11
11,11,53,53
53,53,11,11
11,11,61,61
61,61,11,11
11,11,63,63
63,63,11,11
11,11,65,65
65,65,11,11
11,11,69,69
69,69,11,11
11,11,72,72
72,72,11,11
11,11,77,77
77,77,11,11
11,11,80,80
80,80,11,11
11,11,82,82
82,82,11,11
11,11,86,86
86,86,11,11
11,11,88,88
88,88,11,11
11,11,90,90
90,90,11,11
11,11,92,92
92,92,11,11
11,11,94,94
94,94,11,11
11,11,100,100
100,100,11,11
11,11,102,102
102,102,11,11
11,11,104,104
104,104,11,11
11,11,106,106
106,106,11,11
11,11,108,108
108,108,11,11
11,11,111,111
111,111,11,11
12,12,14,14
14,14,12,12
12,12,15,15
15,15,12,12
12,12,18,18
18,18,12,12
12,12,21,21
21,21,12,12
12,12,26,26
26,26,12,12
12,12,28,28
28,28,12,12
12,12,30,30
30,30,12,12
12,12,35,35
35,35,12,12
12,12,37,37
37,37,12,12
12,12,39,39
39,39,12,12
12,12,48,48
48,48,12,12
12,12,49,49
49,49,12,12
12,12,52,52
52,52,12,12
12,12,54,54
54,54,12,12
12,12,56,56
56,56,12,12
12,12,58,58
58,58,12,12
12,12,60,60
60,60,12,12
12,12,62,62
62,62,12,12
12,12,64,64
64,64,12,12
12,12,66,66
66,66,12,12
12,12,68,68
68,68,12,12
12,12,70,70
70,70,12,12
12,12,74,74
74,74,12,12
12,12,76,76
76,76,12,12
12,12,81,81
81,81,12,12
12,12,83,83
83,83,12,12
12,12,85,85
85,85,12,12
12,12,87,87
87,87,12,12
12,12,89,89
89,89,12,12
12,12,91,91
91,91,12,12
12,12,93,93
93,93,12,12
12,12,95,95
95,95,12,12
12,12,97,97
97,97,12,12
12,12,99,99
99,99,12,12
12,12,101,101
101,101,12,12
12,12,103,103
103,103,12,12
12,12,105,105
105,105,12,12
12,12,107,107
107,107,12,12
12,12,109,109
109,109,12,12
12,12,110,110
110,110,12,12
13,13,23,23
23,23,13,13
13,13,25,25
25,25,13,13
13,13,27,27
27,27,13,13
13,13,29,29
29,29,13,13
13,13,31,31
31,31,13,13
13,13,38,38
38,38,13,13
13,13,40,40
40,40,13,13
13,13,41,41
41,41,13,13
13,13,46,46
46,46,13,13
13,13,50,50
50,50,13,13
13,13,51,51
51,51,13,13
13,13,53,53
53,53,13,13
13,13,55,55
55,55,13,13
13,13,57,57
57,57,13,13
13,13,59,59
59,59,13,13
13,13,61,61
61,61,13,13
13,13,63,63
63,63,13,13
13,13,65,65
65,65,13,13
13,13,67,67
67,67,13,13
13,13,69,69
69,69,13,13
13,13,72,72
72,72,13,13
13,13,73,73
73,73,13,13
13,13,77,77
77,77,13,13
13,13,80,80
80,80,13,13
13,13,82,82
82,82,13,13
13,13,84,84
84,84,13,13
13,13,86,86
86,86,13,13
13,13,88,88
88,88,13,13
13,13,90,90
90,90,13,13
13,13,92,92
92,92,13,13
13,13,94,94
94,94,13,13
13,13,96,96
96,96,13,13
13,13,98,98
98,98,13,13
13,13,100,100
100,100,13,13
13,13,102,102
102,102,13,13
13,13,104,104
104,104,13,13
13,13,106,106
106,106,13,13
13,13,108,108
108,108,13,13
13,13,111,111
111,111,13,13
14,14,15,15
15,15,14,14
14,14,18,18
18,18,14,14
14,14,21,21
21,21,14,14
14,14,24,24
24,24,14,14
14,14,26,26
26,26,14,14
14,14,28,28
28,28,14,14
14,14,30,30
30,30,14,14
14,14,35,35
35,35,14,14
14,14,37,37
37,37,14,14
14,14,39,39
39,39,14,14
14,14,48,48
48,48,14,14
14,14,49,49
49,49,14,14
14,14,52,52
52,52,14,14
14,14,54,54
54,54,14,14
14,14,56,56
56,56,14,14
14,14,58,58
58,58,14,14
14,14,60,60
60,60,14,14
14,14,62,62
62,62,14,14
14,14,64,64
64,64,14,14
14,14,66,66
66,66,14,14
14,14,68,68
68,68,14,14
14,14,70,70
70,70,14,14
14,14,71,71
71,71,14,14
14,14,74,74
74,74,14,14
14,14,76,76
76,76,14,14
14,14,81,81
81,81,14,14
14,14,83,83
83,83,14,14
14,14,85,85
85,85,14,14
14,14,87,87
87,87,14,14
14,14,89,89
89,89,14,14
14,14,91,91
91,91,14,14
14,14,93,93
93,93,14,14
14,14,95,95
95,95,14,14
14,14,97,97
97,97,14,14
14,14,99,99
99,99,14,14
14,14,101,101
101,101,14,14
14,14,103,103
103,103,14,14
14,14,105,105
105,105,14,14
14,14,107,107
107,107,14,14
14,14,109,109
109,109,14,14
14,14,110,110
110,110,14,14
15,15,18,18
18,18,15,15
15,15,21,21
21,21,15,15
15,15,24,24
24,24,15,15
15,15,26,26
26,26,15,15
15,15,28,28
28,28,15,15
15,15,30,30
30,30,15,15
15,15,35,35
35,35,15,15
15,15,37,37
37,37,15,15
15,15,39,39
39,39,15,15
15,15,42,42
42,42,15,15
15,15,48,48
48,48,15,15
15,15,49,49
49,49,15,15
15,15,52,52
52,52,15,15
15,15,54,54
54,54,15,15
15,15,56,56
56,56,15,15
15,15,58,58
58,58,15,15
15,15,60,60
60,60,15,15
15,15,62,62
62,62,15,15
15,15,64,64
64,64,15,15
15,15,66,66
66,66,15,15
15,15,68,68
68,68,15,15
15,15,70,70
70,70,15,15
15,15,71,71
71,71,15,15
15,15,74,74
74,74,15,15
15,15,76,76
76,76,15,15
15,15,81,81
81,81,15,15
15,15,83,83
83,83,15,15
15,15,85,85
85,85,15,15
15,15,87,87
87,87,15,15
15,15,89,89
89,89,15,15
15,15,91,91
91,91,15,15
15,15,93,93
93,93,15,15
15,15,95,95
95,95,15,15
15,15,97,97
97,97,15,15
15,15,99,99
99,99,15,15
15,15,101,101
101,101,15,15
15,15,103,103
103,103,15,15
15,15,105,105
105,105,15,15
15,15,107,107
107,107,15,15
15,15,109,109
109,109,15,15
15,15,110,110
110,110,15,15
16,16,19,19
19,19,16,16
16,16,22,22
22,22,16,16
16,16,79,79
79,79,16,16
17,17,20,20
20,20,17,17
17,17,23,23
23,23,17,17
17,17,27,27
27,27,17,17
17,17,29,29
29,29,17,17
17,17,41,41
41,41,17,17
17,17,50,50
50,50,17,17
17,17,61,61
61,61,17,17
17,17,63,63
63,63,17,17
17,17,65,65
65,65,17,17
17,17,69,69
69,69,17,17
17,17,72,72
72,72,17,17
17,17,77,77
77,77,17,17
17,17,82,82
82,82,17,17
17,17,86,86
86,86,17,17
17,17,90,90
90,90,17,17
17,17,94,94
94,94,17,17
17,17,100,100
100,100,17,17
17,17,104,104
104,104,17,17
17,17,106,106
106,106,17,17
17,17,108,108
108,108,17,17
17,17,111,111
111,111,17,17
18,18,21,21
21,21,18,18
18,18,24,24
24,24,18,18
18,18,26,26
26,26,18,18
18,18,28,28
28,28,18,18
18,18,30,30
30,30,18,18
18,18,35,35
35,35,18,18
18,18,37,37
37,37,18,18
18,18,39,39
39,39,18,18
18,18,42,42
42,42,18,18
18,18,48,48
48,48,18,18
18,18,49,49
49,49,18,18
18,18,52,52
52,52,18,18
18,18,54,54
54,54,18,18
18,18,56,56
56,56,18,18
18,18,58,58
58,58,18,18
18,18,60,60
60,60,18,18
18,18,62,62
62,62,18,18
18,18,64,64
64,64,18,18
18,18,66,66
66,66,18,18
18,18,68,68
68,68,18,18
18,18,70,70
70,70,18,18
18,18,71,71
71,71,18,18
18,18,74,74
74,74,18,18
18,18,76,76
76,76,18,18
18,18,81,81
81,81,18,18
18,18,83,83
83,83,18,18
18,18,85,85
85,85,18,18
18,18,87,87
87,87,18,18
18,18,89,89
89,89,18,18
18,18,91,91
91,91,18,18
18,18,93,93
93,93,18,18
18,18,95,95
95,95,18,18
18,18,97,97
97,97,18,18
18,18,99,99
99,99,18,18
18,18,101,101
101,101,18,18
18,18,103,103
103,103,18,18
18,18,105,105
105,105,18,18
18,18,107,107
107,107,18,18
18,18,109,109
109,109,18,18
18,18,110,110
110,110,18,18
19,19,22,22
22,22,19,19
19,19,79,79
79,79,19,19
20,20,23,23
23,23,20,20
20,20,25,25
25,25,20,20
20,20,27,27
27,27,20,20
20,20,29,29
29,29,20,20
20,20,31,31
31,31,20,20
20,20,36,36
36,36,20,20
20,20,38,38
38,38,20,20
20,20,40,40
40,40,20,20
20,20,41,41
41,41,20,20
20,20,50,50
50,50,20,20
20,20,51,51
51,51,20,20
20,20,53,53
53,53,20,20
20,20,55,55
55,55,20,20
20,20,57,57
57,57,20,20
20,20,61,61
61,61,20,20
20,20,63,63
63,63,20,20
20,20,65,65
65,65,20,20
20,20,67,67
67,67,20,20
20,20,69,69
69,69,20,20
20,20,72,72
72,72,20,20
20,20,77,77
77,77,20,20
20,20,82,82
82,82,20,20
20,20,84,84
84,84,20,20
20,20,86,86
86,86,20,20
20,20,90,90
90,90,20,20
20,20,94,94
94,94,20,20
20,20,104,104
104,104,20,20
20,20,106,106
106,106,20,20
20,20,108,108
108,108,20,20
20,20,111,111
111,111,20,20
21,21,24,24
24,24,21,21
21,21,26,26
26,26,21,21
21,21,28,28
28,28,21,21
21,21,30,30
30,30,21,21
21,21,35,35
35,35,21,21
21,21,37,37
37,37,21,21
21,21,39,39
39,39,21,21
21,21,48,48
48,48,21,21
21,21,49,49
49,49,21,21
21,21,52,52
52,52,21,21
21,21,54,54
54,54,21,21
21,21,56,56
56,56,21,21
21,21,58,58
58,58,21,21
21,21,60,60
60,60,21,21
21,21,62,62
62,62,21,21
21,21,64,64
64,64,21,21
21,21,66,66
66,66,21,21
21,21,68,68
68,68,21,21
21,21,70,70
70,70,21,21
21,21,71,71
71,71,21,21
21,21,74,74
74,74,21,21
21,21,76,76
76,76,21,21
21,21,81,81
81,81,21,21
21,21,83,83
83,83,21,21
21,21,85,85
85,85,21,21
21,21,87,87
87,87,21,21
21,21,89,89
89,89,21,21
21,21,91,91
91,91,21,21
21,21,93,93
93,93,21,21
21,21,95,95
95,95,21,21
21,21,97,97
97,97,21,21
21,21,99,99
99,99,21,21
21,21,101,101
101,101,21,21
21,21,103,103
103,103,21,21
21,21,105,105
105,105,21,21
21,21,107,107
107,107,21,21
21,21,109,109
109,109,21,21
21,21,110,110
110,110,21,21
22,22,79,79
79,79,22,22
23,23,25,25
25,25,23,23
23,23,27,27
27,27,23,23
23,23,29,29
29,29,23,23
23,23,41,41
41,41,23,23
23,23,46,46
46,46,23,23
23,23,50,50
50,50,23,23
23,23,51,51
51,51,23,23
23,23,53,53
53,53,23,23
23,23,61,61
61,61,23,23
23,23,63,63
63,63,23,23
23,23,65,65
65,65,23,23
23,23,69,69
69,69,23,23
23,23,72,72
72,72,23,23
23,23,77,77
77,77,23,23
23,23,80,80
80,80,23,23
23,23,82,82
82,82,23,23
23,23,84,84
84,84,23,23
23,23,86,86
86,86,23,23
23,23,90,90
90,90,23,23
23,23,94,94
94,94,23,23
23,23,100,100
100,100,23,23
23,23,104,104
104,104,23,23
23,23,106,106
106,106,23,23
23,23,108,108
108,108,23,23
23,23,111,111
111,111,23,23
24,24,26,26
26,26,24,24
24,24,28,28
28,28,24,24
24,24,30,30
30,30,24,24
24,24,35,35
35,35,24,24
24,24,37,37
37,37,24,24
24,24,39,39
39,39,24,24
24,24,42,42
42,42,24,24
24,24,48,48
48,48,24,24
24,24,49,49
49,49,24,24
24,24,52,52
52,52,24,24
24,24,54,54
54,54,24,24
24,24,56,56
56,56,24,24
24,24,58,58
58,58,24,24
24,24,60,60
60,60,24,24
24,24,62,62
62,62,24,24
24,24,64,64
64,64,24,24
24,24,66,66
66,66,24,24
24,24,68,68
68,68,24,24
24,24,70,70
70,70,24,24
24,24,71,71
71,71,24,24
24,24,74,74
74,74,24,24
24,24,81,81
81,81,24,24
24,24,83,83
83,83,24,24
24,24,85,85
85,85,24,24
24,24,87,87
87,87,24,24
24,24,89,89
89,89,24,24
24,24,91,91
91,91,24,24
24,24,93,93
93,93,24,24
24,24,95,95
95,95,24,24
24,24,97,97
97,97,24,24
24,24,99,99
99,99,24,24
24,24,101,101
101,101,24,24
24,24,103,103
103,103,24,24
24,24,105,105
105,105,24,24
24,24,107,107
107,107,24,24
24,24,109,109
109,109,24,24
24,24,110,110
110,110,24,24
25,25,29,29
29,29,25,25
25,25,31,31
31,31,25,25
25,25,36,36
36,36,25,25
25,25,38,38
38,38,25,25
25,25,40,40
40,40,25,25
25,25,41,41
41,41,25,25
25,25,50,50
50,50,25,25
25,25,51,51
51,51,25,25
25,25,53,53
53,53,25,25
25,25,55,55
55,55,25,25
25,25,57,57
57,57,25,25
25,25,59,59
59,59,25,25
25,25,61,61
61,61,25,25
25,25,65,65
65,65,25,25
25,25,67,67
67,67,25,25
25,25,69,69
69,69,25,25
25,25,84,84
84,84,25,25
25,25,92,92
92,92,25,25
25,25,94,94
94,94,25,25
25,25,96,96
96,96,25,25
25,25,98,98
98,98,25,25
25,25,100,100
100,100,25,25
25,25,102,102
102,102,25,25
25,25,104,104
104,104,25,25
25,25,111,111
111,111,25,25
26,26,28,28
28,28,26,26
26,26,30,30
30,30,26,26
26,26,35,35
35,35,26,26
26,26,37,37
37,37,26,26
26,26,39,39
39,39,26,26
26,26,42,42
42,42,26,26
26,26,48,48
48,48,26,26
26,26,49,49
49,49,26,26
26,26,52,52
52,52,26,26
26,26,54,54
54,54,26,26
26,26,56,56
56,56,26,26
26,26,58,58
58,58,26,26
26,26,60,60
60,60,26,26
26,26,62,62
62,62,26,26
26,26,64,64
64,64,26,26
26,26,66,66
66,66,26,26
26,26,68,68
68,68,26,26
26,26,70,70
70,70,26,26
26,26,71,71
71,71,26,26
26,26,74,74
74,74,26,26
26,26,76,76
76,76,26,26
26,26,81,81
81,81,26,26
26,26,83,83
83,83,26,26
26,26,85,85
85,85,26,26
26,26,87,87
87,87,26,26
26,26,89,89
89,89,26,26
26,26,91,91
91,91,26,26
26,26,93,93
93,93,26,26
26,26,95,95
95,95,26,26
26,26,97,97
97,97,26,26
26,26,99,99
99,99,26,26
26,26,101,101
101,101,26,26
26,26,103,103
103,103,26,26
26,26,105,105
105,105,26,26
26,26,107,107
107,107,26,26
26,26,109,109
109,109,26,26
26,26,110,110
110,110,26,26
27,27,29,29
29,29,27,27
27,27,31,31
31,31,27,27
27,27,36,36
36,36,27,27
27,27,38,38
38,38,27,27
27,27,40,40
40,40,27,27
27,27,41,41
41,41,27,27
27,27,46,46
46,46,27,27
27,27,50,50
50,50,27,27
27,27,51,51
51,51,27,27
27,27,53,53
53,53,27,27
27,27,55,55
55,55,27,27
27,27,57,57
57,57,27,27
27,27,59,59
59,59,27,27
27,27,61,61
61,61,27,27
27,27,65,65
65,65,27,27
27,27,67,67
67,67,27,27
27,27,69,69
69,69,27,27
27,27,72,72
72,72,27,27
27,27,73,73
73,73,27,27
27,27,77,77
77,77,27,27
27,27,80,80
80,80,27,27
27,27,82,82
82,82,27,27
27,27,84,84
84,84,27,27
27,27,86,86
86,86,27,27
27,27,88,88
88,88,27,27
27,27,90,90
90,90,27,27
27,27,92,92
92,92,27,27
27,27,94,94
94,94,27,27
27,27,96,96
96,96,27,27
27,27,98,98
98,98,27,27
27,27,100,100
100,100,27,27
27,27,102,102
102,102,27,27
27,27,104,104
104,104,27,27
27,27,106,106
106,106,27,27
27,27,108,108
108,108,27,27
27,27,111,111
111,111,27,27
28,28,30,30
30,30,28,28
28,28,35,35
35,35,28,28
28,28,37,37
37,37,28,28
28,28,39,39
39,39,28,28
28,28,42,42
42,42,28,28
28,28,48,48
48,48,28,28
28,28,49,49
49,49,28,28
28,28,52,52
52,52,28,28
28,28,54,54
54,54,28,28
28,28,56,56
56,56,28,28
28,28,58,58
58,58,28,28
28,28,60,60
60,60,28,28
28,28,62,62
62,62,28,28
28,28,64,64
64,64,28,28
28,28,66,66
66,66,28,28
28,28,68,68
68,68,28,28
28,28,70,70
70,70,28,28
28,28,71,71
71,71,28,28
28,28,74,74
74,74,28,28
28,28,76,76
76,76,28,28
28,28,81,81
81,81,28,28
28,28,83,83
83,83,28,28
28,28,85,85
85,85,28,28
28,28,87,87
87,87,28,28
28,28,89,89
89,89,28,28
28,28,91,91
91,91,28,28
28,28,93,93
93,93,28,28
28,28,95,95
95,95,28,28
28,28,97,97
97,97,28,28
28,28,99,99
99,99,28,28
28,28,101,101
101,101,28,28
28,28,103,103
103,103,28,28
28,28,105,105
105,105,28,28
28,28,107,107
107,107,28,28
28,28,109,109
109,109,28,28
28,28,110,110
110,110,28,28
29,29,31,31
31,31,29,29
29,29,36,36
36,36,29,29
29,29,38,38
38,38,29,29
29,29,40,40
40,40,29,29
29,29,41,41
41,41,29,29
29,29,46,46
46,46,29,29
29,29,50,50
50,50,29,29
29,29,51,51
51,51,29,29
29,29,53,53
53,53,29,29
29,29,55,55
55,55,29,29
29,29,57,57
57,57,29,29
29,29,59,59
59,59,29,29
29,29,61,61
61,61,29,29
29,29,63,63
63,63,29,29
29,29,65,65
65,65,29,29
29,29,67,67
67,67,29,29
29,29,69,69
69,69,29,29
29,29,72,72
72,72,29,29
29,29,73,73
73,73,29,29
29,29,77,77
77,77,29,29
29,29,80,80
80,80,29,29
29,29,82,82
82,82,29,29
29,29,84,84
84,84,29,29
29,29,86,86
86,86,29,29
29,29,88,88
88,88,29,29
29,29,90,90
90,90,29,29
29,29,92,92
92,92,29,29
29,29,94,94
94,94,29,29
29,29,96,96
96,96,29,29
29,29,98,98
98,98,29,29
29,29,100,100
100,100,29,29
29,29,102,102
102,102,29,29
29,29,104,104
104,104,29,29
29,29,106,106
106,106,29,29
29,29,108,108
108,108,29,29
29,29,111,111
111,111,29,29
30,30,35,35
35,35,30,30
30,30,37,37
37,37,30,30
30,30,39,39
39,39,30,30
30,30,42,42
42,42,30,30
30,30,48,48
48,48,30,30
30,30,49,49
49,49,30,30
30,30,52,52
52,52,30,30
30,30,54,54
54,54,30,30
30,30,56,56
56,56,30,30
30,30,58,58
58,58,30,30
30,30,60,60
60,60,30,30
30,30,62,62
62,62,30,30
30,30,64,64
64,64,30,30
30,30,66,66
66,66,30,30
30,30,68,68
68,68,30,30
30,30,70,70
70,70,30,30
30,30,71,71
71,71,30,30
30,30,74,74
74,74,30,30
30,30,81,81
81,81,30,30
30,30,83,83
83,83,30,30
30,30,85,85
85,85,30,30
30,30,87,87
87,87,30,30
30,30,89,89
89,89,30,30
30,30,91,91
91,91,30,30
30,30,93,93
93,93,30,30
30,30,95,95
95,95,30,30
30,30,97,97
97,97,30,30
30,30,99,99
99,99,30,30
30,30,101,101
101,101,30,30
30,30,103,103
103,103,30,30
30,30,105,105
105,105,30,30
30,30,107,107
107,107,30,30
30,30,109,109
109,109,30,30
30,30,110,110
110,110,30,30
31,31,36,36
36,36,31,31
31,31,38,38
38,38,31,31
31,31,40,40
40,40,31,31
31,31,50,50
50,50,31,31
31,31,51,51
51,51,31,31
31,31,53,53
53,53,31,31
31,31,55,55
55,55,31,31
31,31,57,57
57,57,31,31
31,31,59,59
59,59,31,31
31,31,61,61
61,61,31,31
31,31,65,65
65,65,31,31
31,31,67,67
67,67,31,31
31,31,73,73
73,73,31,31
31,31,77,77
77,77,31,31
31,31,80,80
80,80,31,31
31,31,84,84
84,84,31,31
31,31,88,88
88,88,31,31
31,31,92,92
92,92,31,31
31,31,96,96
96,96,31,31
31,31,98,98
98,98,31,31
31,31,100,100
100,100,31,31
31,31,102,102
102,102,31,31
31,31,104,104
104,104,31,31
35,35,37,37
37,37,35,35
35,35,39,39
39,39,35,35
35,35,48,48
48,48,35,35
35,35,49,49
49,49,35,35
35,35,52,52
52,52,35,35
35,35,54,54
54,54,35,35
35,35,56,56
56,56,35,35
35,35,58,58
58,58,35,35
35,35,60,60
60,60,35,35
35,35,62,62
62,62,35,35
35,35,64,64
64,64,35,35
35,35,66,66
66,66,35,35
35,35,68,68
68,68,35,35
35,35,70,70
70,70,35,35
35,35,71,71
71,71,35,35
35,35,74,74
74,74,35,35
35,35,76,76
76,76,35,35
35,35,81,81
81,81,35,35
35,35,83,83
83,83,35,35
35,35,85,85
85,85,35,35
35,35,87,87
87,87,35,35
35,35,89,89
89,89,35,35
35,35,91,91
91,91,35,35
35,35,93,93
93,93,35,35
35,35,95,95
95,95,35,35
35,35,97,97
97,97,35,35
35,35,99,99
99,99,35,35
35,35,101,101
101,101,35,35
35,35,103,103
103,103,35,35
35,35,105,105
105,105,35,35
35,35,107,107
107,107,35,35
35,35,109,109
109,109,35,35
35,35,110,110
110,110,35,35
36,36,38,38
38,38,36,36
36,36,40,40
40,40,36,36
36,36,50,50
50,50,36,36
36,36,51,51
51,51,36,36
36,36,53,53
53,53,36,36
36,36,55,55
55,55,36,36
36,36,57,57
57,57,36,36
36,36,59,59
59,59,36,36
36,36,61,61
61,61,36,36
36,36,65,65
65,65,36,36
36,36,67,67
67,67,36,36
36,36,69,69
69,69,36,36
36,36,77,77
77,77,36,36
36,36,80,80
80,80,36,36
36,36,84,84
84,84,36,36
36,36,88,88
88,88,36,36
36,36,96,96
96,96,36,36
36,36,98,98
98,98,36,36
36,36,100,100
100,100,36,36
36,36,104,104
104,104,36,36
37,37,39,39
39,39,37,37
37,37,48,48
48,48,37,37
37,37,49,49
49,49,37,37
37,37,52,52
52,52,37,37
37,37,54,54
54,54,37,37
37,37,56,56
56,56,37,37
37,37,58,58
58,58,37,37
37,37,60,60
60,60,37,37
37,37,62,62
62,62,37,37
37,37,64,64
64,64,37,37
37,37,66,66
66,66,37,37
37,37,68,68
68,68,37,37
37,37,70,70
70,70,37,37
37,37,71,71
71,71,37,37
37,37,74,74
74,74,37,37
37,37,76,76
76,76,37,37
37,37,81,81
81,81,37,37
37,37,83,83
83,83,37,37
37,37,85,85
85,85,37,37
37,37,87,87
87,87,37,37
37,37,89,89
89,89,37,37
37,37,91,91
91,91,37,37
37,37,93,93
93,93,37,37
37,37,95,95
95,95,37,37
37,37,97,97
97,97,37,37
37,37,99,99
99,99,37,37
37,37,101,101
101,101,37,37
37,37,103,103
103,103,37,37
37,37,105,105
105,105,37,37
37,37,107,107
107,107,37,37
37,37,109,109
109,109,37,37
37,37,110,110
110,110,37,37
38,38,40,40
40,40,38,38
38,38,50,50
50,50,38,38
38,38,51,51
51,51,38,38
38,38,53,53
53,53,38,38
38,38,55,55
55,55,38,38
38,38,57,57
57,57,38,38
38,38,59,59
59,59,38,38
38,38,61,61
61,61,38,38
38,38,63,63
63,63,38,38
38,38,65,65
65,65,38,38
38,38,67,67
67,67,38,38
38,38,69,69
69,69,38,38
38,38,73,73
73,73,38,38
38,38,77,77
77,77,38,38
38,38,80,80
80,80,38,38
38,38,84,84
84,84,38,38
38,38,90,90
90,90,38,38
38,38,92,92
92,92,38,38
38,38,94,94
94,94,38,38
38,38,96,96
96,96,38,38
38,38,98,98
98,98,38,38
38,38,100,100
100,100,38,38
38,38,102,102
102,102,38,38
38,38,104,104
104,104,38,38
38,38,111,111
111,111,38,38
39,39,48,48
48,48,39,39
39,39,49,49
49,49,39,39
39,39,52,52
52,52,39,39
39,39,54,54
54,54,39,39
39,39,56,56
56,56,39,39
39,39,58,58
58,58,39,39
39,39,60,60
60,60,39,39
39,39,62,62
62,62,39,39
39,39,64,64
64,64,39,39
39,39,66,66
66,66,39,39
39,39,68,68
68,68,39,39
39,39,70,70
70,70,39,39
39,39,71,71
71,71,39,39
39,39,74,74
74,74,39,39
39,39,76,76
76,76,39,39
39,39,81,81
81,81,39,39
39,39,83,83
83,83,39,39
39,39,85,85
85,85,39,39
39,39,87,87
87,87,39,39
39,39,89,89
89,89,39,39
39,39,91,91
91,91,39,39
39,39,93,93
93,93,39,39
39,39,95,95
95,95,39,39
39,39,97,97
97,97,39,39
39,39,99,99
99,99,39,39
39,39,101,101
101,101,39,39
39,39,103,103
103,103,39,39
39,39,105,105
105,105,39,39
39,39,107,107
107,107,39,39
39,39,109,109
109,109,39,39
39,39,110,110
110,110,39,39
40,40,50,50
50,50,40,40
40,40,51,51
51,51,40,40
40,40,53,53
53,53,40,40
40,40,55,55
55,55,40,40
40,40,57,57
57,57,40,40
40,40,59,59
59,59,40,40
40,40,61,61
61,61,40,40
40,40,65,65
65,65,40,40
40,40,67,67
67,67,40,40
40,40,69,69
69,69,40,40
40,40,77,77
77,77,40,40
40,40,80,80
80,80,40,40
40,40,84,84
84,84,40,40
40,40,88,88
88,88,40,40
40,40,92,92
92,92,40,40
40,40,94,94
94,94,40,40
40,40,96,96
96,96,40,40
40,40,98,98
98,98,40,40
40,40,100,100
100,100,40,40
40,40,102,102
102,102,40,40
40,40,104,104
104,104,40,40
41,41,50,50
50,50,41,41
41,41,53,53
53,53,41,41
41,41,57,57
57,57,41,41
41,41,59,59
59,59,41,41
41,41,61,61
61,61,41,41
41,41,63,63
63,63,41,41
41,41,65,65
65,65,41,41
41,41,69,69
69,69,41,41
41,41,72,72
72,72,41,41
41,41,73,73
73,73,41,41
41,41,77,77
77,77,41,41
41,41,80,80
80,80,41,41
41,41,82,82
82,82,41,41
41,41,86,86
86,86,41,41
41,41,88,88
88,88,41,41
41,41,90,90
90,90,41,41
41,41,92,92
92,92,41,41
41,41,94,94
94,94,41,41
41,41,96,96
96,96,41,41
41,41,100,100
100,100,41,41
41,41,102,102
102,102,41,41
41,41,104,104
104,104,41,41
41,41,106,106
106,106,41,41
41,41,108,108
108,108,41,41
41,41,111,111
111,111,41,41
42,42,48,48
48,48,42,42
42,42,49,49
49,49,42,42
42,42,52,52
52,52,42,42
42,42,62,62
62,62,42,42
42,42,64,64
64,64,42,42
42,42,66,66
66,66,42,42
42,42,70,70
70,70,42,42
42,42,74,74
74,74,42,42
42,42,81,81
81,81,42,42
42,42,83,83
83,83,42,42
42,42,85,85
85,85,42,42
42,42,87,87
87,87,42,42
42,42,89,89
89,89,42,42
42,42,91,91
91,91,42,42
42,42,93,93
93,93,42,42
42,42,95,95
95,95,42,42
42,42,97,97
97,97,42,42
42,42,99,99
99,99,42,42
42,42,101,101
101,101,42,42
42,42,103,103
103,103,42,42
42,42,105,105
105,105,42,42
42,42,109,109
109,109,42,42
42,42,110,110
110,110,42,42
46,46,53,53
53,53,46,46
46,46,57,57
57,57,46,46
46,46,59,59
59,59,46,46
46,46,69,69
69,69,46,46
46,46,73,73
73,73,46,46
46,46,80,80
80,80,46,46
46,46,88,88
88,88,46,46
46,46,90,90
90,90,46,46
46,46,92,92
92,92,46,46
46,46,96,96
96,96,46,46
46,46,100,100
100,100,46,46
46,46,102,102
102,102,46,46
46,46,104,104
104,104,46,46
46,46,111,111
111,111,46,46
48,48,49,49
49,49,48,48
48,48,52,52
52,52,48,48
48,48,54,54
54,54,48,48
48,48,56,56
56,56,48,48
48,48,58,58
58,58,48,48
48,48,60,60
60,60,48,48
48,48,62,62
62,62,48,48
48,48,64,64
64,64,48,48
48,48,66,66
66,66,48,48
48,48,68,68
68,68,48,48
48,48,70,70
70,70,48,48
48,48,71,71
71,71,48,48
48,48,74,74
74,74,48,48
48,48,76,76
76,76,48,48
48,48,81,81
81,81,48,48
48,48,83,83
83,83,48,48
48,48,85,85
85,85,48,48
48,48,87,87
87,87,48,48
48,48,89,89
89,89,48,48
48,48,91,91
91,91,48,48
48,48,93,93
93,93,48,48
48,48,95,95
95,95,48,48
48,48,97,97
97,97,48,48
48,48,99,99
99,99,48,48
48,48,101,101
101,101,48,48
48,48,103,103
103,103,48,48
48,48,105,105
105,105,48,48
48,48,107,107
107,107,48,48
48,48,109,109
109,109,48,48
48,48,110,110
110,110,48,48
49,49,52,52
52,52,49,49
49,49,54,54
54,54,49,49
49,49,56,56
56,56,49,49
49,49,58,58
58,58,49,49
49,49,60,60
60,60,49,49
49,49,62,62
62,62,49,49
49,49,64,64
64,64,49,49
49,49,66,66
66,66,49,49
49,49,68,68
68,68,49,49
49,49,70,70
70,70,49,49
49,49,71,71
71,71,49,49
49,49,74,74
74,74,49,49
49,49,81,81
81,81,49,49
49,49,83,83
83,83,49,49
49,49,85,85
85,85,49,49
49,49,87,87
87,87,49,49
49,49,89,89
89,89,49,49
49,49,91,91
91,91,49,49
49,49,93,93
93,93,49,49
49,49,95,95
95,95,49,49
49,49,97,97
97,97,49,49
49,49,99,99
99,99,49,49
49,49,101,101
101,101,49,49
49,49,103,103
103,103,49,49
49,49,105,105
105,105,49,49
49,49,107,107
107,107,49,49
49,49,109,109
109,109,49,49
49,49,110,110
110,110,49,49
50,50,51,51
51,51,50,50
50,50,53,53
53,53,50,50
50,50,55,55
55,55,50,50
50,50,57,57
57,57,50,50
50,50,59,59
59,59,50,50
50,50,61,61
61,61,50,50
50,50,63,63
63,63,50,50
50,50,65,65
65,65,50,50
50,50,67,67
67,67,50,50
50,50,69,69
69,69,50,50
50,50,72,72
72,72,50,50
50,50,77,77
77,77,50,50
50,50,80,80
80,80,50,50
50,50,82,82
82,82,50,50
50,50,84,84
84,84,50,50
50,50,86,86
86,86,50,50
50,50,88,88
88,88,50,50
50,50,90,90
90,90,50,50
50,50,94,94
94,94,50,50
50,50,96,96
96,96,50,50
50,50,98,98
98,98,50,50
50,50,100,100
100,100,50,50
50,50,104,104
104,104,50,50
50,50,106,106
106,106,50,50
50,50,108,108
108,108,50,50
50,50,111,111
111,111,50,50
51,51,53,53
53,53,51,51
51,51,55,55
55,55,51,51
51,51,57,57
57,57,51,51
51,51,59,59
59,59,51,51
51,51,61,61
61,61,51,51
51,51,65,65
65,65,51,51
51,51,67,67
67,67,51,51
51,51,69,69
69,69,51,51
51,51,73,73
73,73,51,51
51,51,77,77
77,77,51,51
51,51,80,80
80,80,51,51
51,51,84,84
84,84,51,51
51,51,90,90
90,90,51,51
51,51,92,92
92,92,51,51
51,51,96,96
96,96,51,51
51,51,98,98
98,98,51,51
51,51,100,100
100,100,51,51
51,51,102,102
102,102,51,51
51,51,104,104
104,104,51,51
51,51,111,111
111,111,51,51
52,52,54,54
54,54,52,52
52,52,56,56
56,56,52,52
52,52,58,58
58,58,52,52
52,52,60,60
60,60,52,52
52,52,62,62
62,62,52,52
52,52,64,64
64,64,52,52
52,52,66,66
66,66,52,52
52,52,68,68
68,68,52,52
52,52,70,70
70,70,52,52
52,52,71,71
71,71,52,52
52,52,74,74
74,74,52,52
52,52,81,81
81,81,52,52
52,52,83,83
83,83,52,52
52,52,85,85
85,85,52,52
52,52,87,87
87,87,52,52
52,52,89,89
89,89,52,52
52,52,91,91
91,91,52,52
52,52,93,93
93,93,52,52
52,52,95,95
95,95,52,52
52,52,97,97
97,97,52,52
52,52,99,99
99,99,52,52
52,52,101,101
101,101,52,52
52,52,103,103
103,103,52,52
52,52,105,105
105,105,52,52
52,52,107,107
107,107,52,52
52,52,109,109
109,109,52,52
52,52,110,110
110,110,52,52
53,53,55,55
55,55,53,53
53,53,57,57
57,57,53,53
53,53,59,59
59,59,53,53
53,53,61,61
61,61,53,53
53,53,63,63
63,63,53,53
53,53,65,65
65,65,53,53
53,53,67,67
67,67,53,53
53,53,69,69
69,69,53,53
53,53,72,72
72,72,53,53
53,53,73,73
73,73,53,53
53,53,77,77
77,77,53,53
53,53,80,80
80,80,53,53
53,53,82,82
82,82,53,53
53,53,84,84
84,84,53,53
53,53,86,86
86,86,53,53
53,53,88,88
88,88,53,53
53,53,90,90
90,90,53,53
53,53,92,92
92,92,53,53
53,53,96,96
96,96,53,53
53,53,98,98
98,98,53,53
53,53,100,100
100,100,53,53
53,53,102,102
102,102,53,53
53,53,104,104
104,104,53,53
53,53,106,106
106,106,53,53
53,53,108,108
108,108,53,53
53,53,111,111
111,111,53,53
54,54,56,56
56,56,54,54
54,54,58,58
58,58,54,54
54,54,60,60
60,60,54,54
54,54,62,62
62,62,54,54
54,54,64,64
64,64,54,54
54,54,66,66
66,66,54,54
54,54,68,68
68,68,54,54
54,54,70,70
70,70,54,54
54,54,71,71
71,71,54,54
54,54,74,74
74,74,54,54
54,54,81,81
81,81,54,54
54,54,83,83
83,83,54,54
54,54,85,85
85,85,54,54
54,54,87,87
87,87,54,54
54,54,89,89
89,89,54,54
54,54,91,91
91,91,54,54
54,54,93,93
93,93,54,54
54,54,95,95
95,95,54,54
54,54,97,97
97,97,54,54
54,54,99,99
99,99,54,54
54,54,101,101
101,101,54,54
54,54,103,103
103,103,54,54
54,54,105,105
105,105,54,54
54,54,107,107
107,107,54,54
54,54,109,109
109,109,54,54
54,54,110,110
110,110,54,54
55,55,57,57
57,57,55,55
55,55,59,59
59,59,55,55
55,55,61,61
61,61,55,55
55,55,65,65
65,65,55,55
55,55,67,67
67,67,55,55
55,55,77,77
77,77,55,55
55,55,80,80
80,80,55,55
55,55,84,84
84,84,55,55
55,55,88,88
88,88,55,55
55,55,96,96
96,96,55,55
55,55,98,98
98,98,55,55
55,55,100,100
100,100,55,55
55,55,102,102
102,102,55,55
55,55,104,104
104,104,55,55
56,56,58,58
58,58,56,56
56,56,60,60
60,60,56,56
56,56,62,62
62,62,56,56
56,56,64,64
64,64,56,56
56,56,66,66
66,66,56,56
56,56,68,68
68,68,56,56
56,56,70,70
70,70,56,56
56,56,71,71
71,71,56,56
56,56,74,74
74,74,56,56
56,56,76,76
76,76,56,56
56,56,81,81
81,81,56,56
56,56,83,83
83,83,56,56
56,56,85,85
85,85,56,56
56,56,87,87
87,87,56,56
56,56,89,89
89,89,56,56
56,56,91,91
91,91,56,56
56,56,93,93
93,93,56,56
56,56,95,95
95,95,56,56
56,56,97,97
97,97,56,56
56,56,99,99
99,99,56,56
56,56,101,101
101,101,56,56
56,56,103,103
103,103,56,56
56,56,105,105
105,105,56,56
56,56,107,107
107,107,56,56
56,56,109,109
109,109,56,56
56,56,110,110
110,110,56,56
57,57,59,59
59,59,57,57
57,57,61,61
61,61,57,57
57,57,63,63
63,63,57,57
57,57,65,65
65,65,57,57
57,57,67,67
67,67,57,57
57,57,69,69
69,69,57,57
57,57,77,77
77,77,57,57
57,57,80,80
80,80,57,57
57,57,84,84
84,84,57,57
57,57,88,88
88,88,57,57
57,57,90,90
90,90,57,57
57,57,92,92
92,92,57,57
57,57,94,94
94,94,57,57
57,57,96,96
96,96,57,57
57,57,98,98
98,98,57,57
57,57,100,100
100,100,57,57
57,57,102,102
102,102,57,57
57,57,104,104
104,104,57,57
57,57,108,108
108,108,57,57
58,58,60,60
60,60,58,58
58,58,62,62
62,62,58,58
58,58,64,64
64,64,58,58
58,58,66,66
66,66,58,58
58,58,68,68
68,68,58,58
58,58,70,70
70,70,58,58
58,58,71,71
71,71,58,58
58,58,74,74
74,74,58,58
58,58,76,76
76,76,58,58
58,58,81,81
81,81,58,58
58,58,83,83
83,83,58,58
58,58,85,85
85,85,58,58
58,58,87,87
87,87,58,58
58,58,89,89
89,89,58,58
58,58,91,91
91,91,58,58
58,58,93,93
93,93,58,58
58,58,95,95
95,95,58,58
58,58,97,97
97,97,58,58
58,58,99,99
99,99,58,58
58,58,101,101
101,101,58,58
58,58,103,103
103,103,58,58
58,58,105,105
105,105,58,58
58,58,107,107
107,107,58,58
58,58,109,109
109,109,58,58
58,58,110,110
110,110,58,58
59,59,61,61
61,61,59,59
59,59,65,65
65,65,59,59
59,59,67,67
67,67,59,59
59,59,69,69
69,69,59,59
59,59,77,77
77,77,59,59
59,59,80,80
80,80,59,59
59,59,84,84
84,84,59,59
59,59,86,86
86,86,59,59
59,59,88,88
88,88,59,59
59,59,92,92
92,92,59,59
59,59,94,94
94,94,59,59
59,59,96,96
96,96,59,59
59,59,98,98
98,98,59,59
59,59,100,100
100,100,59,59
59,59,102,102
102,102,59,59
59,59,104,104
104,104,59,59
59,59,111,111
111,111,59,59
60,60,62,62
62,62,60,60
60,60,64,64
64,64,60,60
60,60,66,66
66,66,60,60
60,60,68,68
68,68,60,60
60,60,70,70
70,70,60,60
60,60,71,71
71,71,60,60
60,60,74,74
74,74,60,60
60,60,76,76
76,76,60,60
60,60,81,81
81,81,60,60
60,60,83,83
83,83,60,60
60,60,85,85
85,85,60,60
60,60,87,87
87,87,60,60
60,60,89,89
89,89,60,60
60,60,91,91
91,91,60,60
60,60,93,93
93,93,60,60
60,60,95,95
95,95,60,60
60,60,97,97
97,97,60,60
60,60,99,99
99,99,60,60
60,60,101,101
101,101,60,60
60,60,103,103
103,103,60,60
60,60,105,105
105,105,60,60
60,60,107,107
107,107,60,60
60,60,109,109
109,109,60,60
60,60,110,110
110,110,60,60
61,61,63,63
63,63,61,61
61,61,65,65
65,65,61,61
61,61,67,67
67,67,61,61
61,61,69,69
69,69,61,61
61,61,72,72
72,72,61,61
61,61,73,73
73,73,61,61
61,61,77,77
77,77,61,61
61,61,80,80
80,80,61,61
61,61,82,82
82,82,61,61
61,61,84,84
84,84,61,61
61,61,86,86
86,86,61,61
61,61,88,88
88,88,61,61
61,61,90,90
90,90,61,61
61,61,92,92
92,92,61,61
61,61,94,94
94,94,61,61
61,61,96,96
96,96,61,61
61,61,98,98
98,98,61,61
61,61,100,100
100,100,61,61
61,61,102,102
102,102,61,61
61,61,104,104
104,104,61,61
61,61,106,106
106,106,61,61
61,61,108,108
108,108,61,61
61,61,111,111
111,111,61,61
62,62,64,64
64,64,62,62
62,62,66,66
66,66,62,62
62,62,68,68
68,68,62,62
62,62,70,70
70,70,62,62
62,62,71,71
71,71,62,62
62,62,74,74
74,74,62,62
62,62,81,81
81,81,62,62
62,62,83,83
83,83,62,62
62,62,85,85
85,85,62,62
62,62,87,87
87,87,62,62
62,62,89,89
89,89,62,62
62,62,91,91
91,91,62,62
62,62,93,93
93,93,62,62
62,62,95,95
95,95,62,62
62,62,97,97
97,97,62,62
62,62,99,99
99,99,62,62
62,62,101,101
101,101,62,62
62,62,103,103
103,103,62,62
62,62,105,105
105,105,62,62
62,62,107,107
107,107,62,62
62,62,109,109
109,109,62,62
62,62,110,110
110,110,62,62
63,63,65,65
65,65,63,63
63,63,69,69
69,69,63,63
63,63,72,72
72,72,63,63
63,63,77,77
77,77,63,63
63,63,80,80
80,80,63,63
63,63,82,82
82,82,63,63
63,63,86,86
86,86,63,63
63,63,88,88
88,88,63,63
63,63,90,90
90,90,63,63
63,63,94,94
94,94,63,63
63,63,96,96
96,96,63,63
63,63,100,100
100,100,63,63
63,63,104,104
104,104,63,63
63,63,106,106
106,106,63,63
63,63,108,108
108,108,63,63
63,63,111,111
111,111,63,63
64,64,66,66
66,66,64,64
64,64,68,68
68,68,64,64
64,64,70,70
70,70,64,64
64,64,71,71
71,71,64,64
64,64,74,74
74,74,64,64
64,64,76,76
76,76,64,64
64,64,81,81
81,81,64,64
64,64,83,83
83,83,64,64
64,64,85,85
85,85,64,64
64,64,87,87
87,87,64,64
64,64,89,89
89,89,64,64
64,64,91,91
91,91,64,64
64,64,93,93
93,93,64,64
64,64,95,95
95,95,64,64
64,64,97,97
97,97,64,64
64,64,99,99
99,99,64,64
64,64,101,101
101,101,64,64
64,64,103,103
103,103,64,64
64,64,105,105
105,105,64,64
64,64,107,107
107,107,64,64
64,64,109,109
109,109,64,64
64,64,110,110
110,110,64,64
65,65,67,67
67,67,65,65
65,65,69,69
69,69,65,65
65,65,72,72
72,72,65,65
65,65,77,77
77,77,65,65
65,65,80,80
80,80,65,65
65,65,82,82
82,82,65,65
65,65,84,84
84,84,65,65
65,65,86,86
86,86,65,65
65,65,88,88
88,88,65,65
65,65,90,90
90,90,65,65
65,65,92,92
92,92,65,65
65,65,94,94
94,94,65,65
65,65,96,96
96,96,65,65
65,65,98,98
98,98,65,65
65,65,100,100
100,100,65,65
65,65,102,102
102,102,65,65
65,65,104,104
104,104,65,65
65,65,106,106
106,106,65,65
65,65,108,108
108,108,65,65
65,65,111,111
111,111,65,65
66,66,68,68
68,68,66,66
66,66,70,70
70,70,66,66
66,66,71,71
71,71,66,66
66,66,74,74
74,74,66,66
66,66,81,81
81,81,66,66
66,66,83,83
83,83,66,66
66,66,85,85
85,85,66,66
66,66,87,87
87,87,66,66
66,66,89,89
89,89,66,66
66,66,91,91
91,91,66,66
66,66,93,93
93,93,66,66
66,66,95,95
95,95,66,66
66,66,97,97
97,97,66,66
66,66,99,99
99,99,66,66
66,66,101,101
101,101,66,66
66,66,103,103
103,103,66,66
66,66,105,105
105,105,66,66
66,66,107,107
107,107,66,66
66,66,109,109
109,109,66,66
66,66,110,110
110,110,66,66
67,67,77,77
77,77,67,67
67,67,80,80
80,80,67,67
67,67,84,84
84,84,67,67
67,67,88,88
88,88,67,67
67,67,98,98
98,98,67,67
67,67,100,100
100,100,67,67
67,67,102,102
102,102,67,67
67,67,104,104
104,104,67,67
68,68,70,70
70,70,68,68
68,68,71,71
71,71,68,68
68,68,74,74
74,74,68,68
68,68,76,76
76,76,68,68
68,68,81,81
81,81,68,68
68,68,83,83
83,83,68,68
68,68,85,85
85,85,68,68
68,68,87,87
87,87,68,68
68,68,89,89
89,89,68,68
68,68,91,91
91,91,68,68
68,68,93,93
93,93,68,68
68,68,95,95
95,95,68,68
68,68,97,97
97,97,68,68
68,68,99,99
99,99,68,68
68,68,101,101
101,101,68,68
68,68,103,103
103,103,68,68
68,68,105,105
105,105,68,68
68,68,107,107
107,107,68,68
68,68,109,109
109,109,68,68
68,68,110,110
110,110,68,68
69,69,72,72
72,72,69,69
69,69,77,77
77,77,69,69
69,69,80,80
80,80,69,69
69,69,82,82
82,82,69,69
69,69,84,84
84,84,69,69
69,69,86,86
86,86,69,69
69,69,88,88
88,88,69,69
69,69,90,90
90,90,69,69
69,69,94,94
94,94,69,69
69,69,96,96
96,96,69,69
69,69,98,98
98,98,69,69
69,69,100,100
100,100,69,69
69,69,102,102
102,102,69,69
69,69,104,104
104,104,69,69
69,69,106,106
106,106,69,69
69,69,108,108
108,108,69,69
69,69,111,111
111,111,69,69
70,70,71,71
71,71,70,70
70,70,74,74
74,74,70,70
70,70,76,76
76,76,70,70
70,70,81,81
81,81,70,70
70,70,83,83
83,83,70,70
70,70,85,85
85,85,70,70
70,70,87,87
87,87,70,70
70,70,89,89
89,89,70,70
70,70,91,91
91,91,70,70
70,70,93,93
93,93,70,70
70,70,95,95
95,95,70,70
70,70,97,97
97,97,70,70
70,70,99,99
99,99,70,70
70,70,101,101
101,101,70,70
70,70,103,103
103,103,70,70
70,70,105,105
105,105,70,70
70,70,107,107
107,107,70,70
70,70,109,109
109,109,70,70
70,70,110,110
110,110,70,70
71,71,74,74
74,74,71,71
71,71,81,81
81,81,71,71
71,71,83,83
83,83,71,71
71,71,85,85
85,85,71,71
71,71,87,87
87,87,71,71
71,71,89,89
89,89,71,71
71,71,91,91
91,91,71,71
71,71,93,93
93,93,71,71
71,71,95,95
95,95,71,71
71,71,97,97
97,97,71,71
71,71,99,99
99,99,71,71
71,71,101,101
101,101,71,71
71,71,103,103
103,103,71,71
71,71,105,105
105,105,71,71
71,71,107,107
107,107,71,71
71,71,109,109
109,109,71,71
71,71,110,110
110,110,71,71
72,72,73,73
73,73,72,72
72,72,77,77
77,77,72,72
72,72,80,80
80,80,72,72
72,72,82,82
82,82,72,72
72,72,86,86
86,86,72,72
72,72,88,88
88,88,72,72
72,72,90,90
90,90,72,72
72,72,94,94
94,94,72,72
72,72,96,96
96,96,72,72
72,72,100,100
100,100,72,72
72,72,102,102
102,102,72,72
72,72,106,106
106,106,72,72
72,72,108,108
108,108,72,72
72,72,111,111
111,111,72,72
73,73,77,77
77,77,73,73
73,73,80,80
80,80,73,73
73,73,84,84
84,84,73,73
73,73,88,88
88,88,73,73
73,73,90,90
90,90,73,73
73,73,92,92
92,92,73,73
73,73,96,96
96,96,73,73
73,73,100,100
100,100,73,73
73,73,102,102
102,102,73,73
73,73,104,104
104,104,73,73
73,73,108,108
108,108,73,73
73,73,111,111
111,111,73,73
74,74,76,76
76,76,74,74
74,74,81,81
81,81,74,74
74,74,83,83
83,83,74,74
74,74,85,85
85,85,74,74
74,74,87,87
87,87,74,74
74,74,89,89
89,89,74,74
74,74,91,91
91,91,74,74
74,74,93,93
93,93,74,74
74,74,95,95
95,95,74,74
74,74,97,97
97,97,74,74
74,74,99,99
99,99,74,74
74,74,101,101
101,101,74,74
74,74,103,103
103,103,74,74
74,74,105,105
105,105,74,74
74,74,107,107
107,107,74,74
74,74,109,109
109,109,74,74
74,74,110,110
110,110,74,74
76,76,81,81
81,81,76,76
76,76,83,83
83,83,76,76
76,76,85,85
85,85,76,76
76,76,87,87
87,87,76,76
76,76,89,89
89,89,76,76
76,76,91,91
91,91,76,76
76,76,97,97
97,97,76,76
76,76,99,99
99,99,76,76
76,76,101,101
101,101,76,76
76,76,103,103
103,103,76,76
76,76,107,107
107,107,76,76
76,76,109,109
109,109,76,76
76,76,110,110
110,110,76,76
77,77,80,80
80,80,77,77
77,77,82,82
82,82,77,77
77,77,86,86
86,86,77,77
77,77,90,90
90,90,77,77
77,77,94,94
94,94,77,77
77,77,100,100
100,100,77,77
77,77,104,104
104,104,77,77
77,77,106,106
106,106,77,77
77,77,108,108
108,108,77,77
77,77,111,111
111,111,77,77
80,80,82,82
82,82,80,80
80,80,84,84
84,84,80,80
80,80,86,86
86,86,80,80
80,80,88,88
88,88,80,80
80,80,90,90
90,90,80,80
80,80,92,92
92,92,80,80
80,80,96,96
96,96,80,80
80,80,98,98
98,98,80,80
80,80,100,100
100,100,80,80
80,80,102,102
102,102,80,80
80,80,104,104
104,104,80,80
80,80,106,106
106,106,80,80
80,80,108,108
108,108,80,80
80,80,111,111
111,111,80,80
81,81,83,83
83,83,81,81
81,81,85,85
85,85,81,81
81,81,87,87
87,87,81,81
81,81,89,89
89,89,81,81
81,81,91,91
91,91,81,81
81,81,93,93
93,93,81,81
81,81,95,95
95,95,81,81
81,81,97,97
97,97,81,81
81,81,99,99
99,99,81,81
81,81,101,101
101,101,81,81
81,81,103,103
103,103,81,81
81,81,105,105
105,105,81,81
81,81,107,107
107,107,81,81
81,81,109,109
109,109,81,81
81,81,110,110
110,110,81,81
82,82,86,86
86,86,82,82
82,82,90,90
90,90,82,82
82,82,92,92
92,92,82,82
82,82,94,94
94,94,82,82
82,82,100,100
100,100,82,82
82,82,104,104
104,104,82,82
82,82,106,106
106,106,82,82
82,82,108,108
108,108,82,82
82,82,111,111
111,111,82,82
83,83,85,85
85,85,83,83
83,83,87,87
87,87,83,83
83,83,89,89
89,89,83,83
83,83,91,91
91,91,83,83
83,83,93,93
93,93,83,83
83,83,95,95
95,95,83,83
83,83,97,97
97,97,83,83
83,83,99,99
99,99,83,83
83,83,101,101
101,101,83,83
83,83,103,103
103,103,83,83
83,83,105,105
105,105,83,83
83,83,107,107
107,107,83,83
83,83,109,109
109,109,83,83
83,83,110,110
110,110,83,83
84,84,88,88
88,88,84,84
84,84,96,96
96,96,84,84
84,84,98,98
98,98,84,84
84,84,100,100
100,100,84,84
84,84,102,102
102,102,84,84
84,84,104,104
104,104,84,84
85,85,87,87
87,87,85,85
85,85,89,89
89,89,85,85
85,85,91,91
91,91,85,85
85,85,93,93
93,93,85,85
85,85,95,95
95,95,85,85
85,85,97,97
97,97,85,85
85,85,99,99
99,99,85,85
85,85,101,101
101,101,85,85
85,85,103,103
103,103,85,85
85,85,105,105
105,105,85,85
85,85,107,107
107,107,85,85
85,85,109,109
109,109,85,85
85,85,110,110
110,110,85,85
86,86,90,90
90,90,86,86
86,86,94,94
94,94,86,86
86,86,100,100
100,100,86,86
86,86,104,104
104,104,86,86
86,86,106,106
106,106,86,86
86,86,108,108
108,108,86,86
86,86,111,111
111,111,86,86
87,87,89,89
89,89,87,87
87,87,91,91
91,91,87,87
87,87,93,93
93,93,87,87
87,87,95,95
95,95,87,87
87,87,97,97
97,97,87,87
87,87,99,99
99,99,87,87
87,87,101,101
101,101,87,87
87,87,103,103
103,103,87,87
87,87,105,105
105,105,87,87
87,87,107,107
107,107,87,87
87,87,109,109
109,109,87,87
87,87,110,110
110,110,87,87
88,88,90,90
90,90,88,88
88,88,92,92
92,92,88,88
88,88,94,94
94,94,88,88
88,88,96,96
96,96,88,88
88,88,98,98
98,98,88,88
88,88,100,100
100,100,88,88
88,88,102,102
102,102,88,88
88,88,104,104
104,104,88,88
88,88,111,111
111,111,88,88
89,89,91,91
91,91,89,89
89,89,93,93
93,93,89,89
89,89,95,95
95,95,89,89
89,89,97,97
97,97,89,89
89,89,99,99
99,99,89,89
89,89,101,101
101,101,89,89
89,89,103,103
103,103,89,89
89,89,105,105
105,105,89,89
89,89,107,107
107,107,89,89
89,89,109,109
109,109,89,89
89,89,110,110
110,110,89,89
90,90,92,92
92,92,90,90
90,90,94,94
94,94,90,90
90,90,100,100
100,100,90,90
90,90,104,104
104,104,90,90
90,90,106,106
106,106,90,90
90,90,108,108
108,108,90,90
90,90,111,111
111,111,90,90
91,91,93,93
93,93,91,91
91,91,95,95
95,95,91,91
91,91,97,97
97,97,91,91
91,91,99,99
99,99,91,91
91,91,101,101
101,101,91,91
91,91,103,103
103,103,91,91
91,91,105,105
105,105,91,91
91,91,107,107
107,107,91,91
91,91,109,109
109,109,91,91
91,91,110,110
110,110,91,91
92,92,96,96
96,96,92,92
92,92,100,100
100,100,92,92
92,92,102,102
102,102,92,92
92,92,104,104
104,104,92,92
92,92,106,106
106,106,92,92
92,92,108,108
108,108,92,92
92,92,111,111
111,111,92,92
93,93,95,95
95,95,93,93
93,93,97,97
97,97,93,93
93,93,99,99
99,99,93,93
93,93,101,101
101,101,93,93
93,93,103,103
103,103,93,93
93,93,105,105
105,105,93,93
93,93,107,107
107,107,93,93
93,93,109,109
109,109,93,93
93,93,110,110
110,110,93,93
94,94,96,96
96,96,94,94
94,94,100,100
100,100,94,94
94,94,102,102
102,102,94,94
94,94,104,104
104,104,94,94
94,94,106,106
106,106,94,94
94,94,108,108
108,108,94,94
94,94,111,111
111,111,94,94
95,95,97,97
97,97,95,95
95,95,99,99
99,99,95,95
95,95,101,101
101,101,95,95
95,95,103,103
103,103,95,95
95,95,105,105
105,105,95,95
95,95,107,107
107,107,95,95
95,95,109,109
109,109,95,95
95,95,110,110
110,110,95,95
96,96,98,98
98,98,96,96
96,96,100,100
100,100,96,96
96,96,102,102
102,102,96,96
96,96,104,104
104,104,96,96
96,96,111,111
111,111,96,96
97,97,99,99
99,99,97,97
97,97,101,101
101,101,97,97
97,97,103,103
103,103,97,97
97,97,105,105
105,105,97,97
97,97,107,107
107,107,97,97
97,97,109,109
109,109,97,97
97,97,110,110
110,110,97,97
98,98,100,100
100,100,98,98
98,98,102,102
102,102,98,98
98,98,104,104
104,104,98,98
98,98,111,111
111,111,98,98
99,99,101,101
101,101,99,99
99,99,103,103
103,103,99,99
99,99,105,105
105,105,99,99
99,99,107,107
107,107,99,99
99,99,109,109
109,109,99,99
99,99,110,110
110,110,99,99
100,100,102,102
102,102,100,100
100,100,104,104
104,104,100,100
100,100,106,106
106,106,100,100
100,100,108,108
108,108,100,100
100,100,111,111
111,111,100,100
101,101,103,103
103,103,101,101
101,101,105,105
105,105,101,101
101,101,107,107
107,107,101,101
101,101,109,109
109,109,101,101
101,101,110,110
110,110,101,101
102,102,104,104
104,104,102,102
102,102,106,106
106,106,102,102
103,103,105,105
105,105,103,103
103,103,107,107
107,107,103,103
103,103,109,109
109,109,103,103
103,103,110,110
110,110,103,103
104,104,106,106
106,106,104,104
104,104,108,108
108,108,104,104
104,104,111,111
111,111,104,104
105,105,107,107
107,107,105,105
105,105,109,109
109,109,105,105
105,105,110,110
110,110,105,105
106,106,108,108
108,108,106,106
106,106,111,111
111,111,106,106
107,107,109,109
109,109,107,107
107,107,110,110
110,110,107,107
108,108,111,111
111,111,108,108
109,109,110,110
110,110,109,109
