2,2,25,25
25,25,2,2
3,3,7,7
7,7,3,3
3,3,11,11
11,11,3,3
3,3,18,18
18,18,3,3
3,3,21,21
21,21,3,3
3,3,24,24
24,24,3,3
3,3,27,27
27,27,3,3
3,3,33,33
33,33,3,3
5,5,9,9
9,9,5,5
5,5,19,19
19,19,5,5
5,5,22,22
22,22,5,5
5,5,31,31
31,31,5,5
6,6,10,10
10,10,6,6
6,6,20,20
20,20,6,6
6,6,23,23
23,23,6,6
6,6,32,32
32,32,6,6
7,7,11,11
11,11,7,7
7,7,21,21
21,21,7,7
7,7,24,24
24,24,7,7
7,7,27,27
27,27,7,7
7,7,33,33
33,33,7,7
9,9,19,19
19,19,9,9
9,9,22,22
22,22,9,9
9,9,31,31
31,31,9,9
10,10,20,20
20,20,10,10
10,10,23,23
23,23,10,10
10,10,32,32
32,32,10,10
11,11,21,21
21,21,11,11
11,11,24,24
24,24,11,11
11,11,27,27
27,27,11,11
11,11,30,30
30,30,11,11
11,11,33,33
33,33,11,11
12,12,37,37
37,37,12,12
13,13,51,51
51,51,13,13
13,13,57,57
57,57,13,13
13,13,91,91
91,91,13,13
13,13,95,95
95,95,13,13
13,13,111,111
111,111,13,13
13,13,115,115
115,115,13,13
13,13,238,238
238,238,13,13
13,13,315,315
315,315,13,13
15,15,86,86
86,86,15,15
15,15,151,151
151,151,15,15
15,15,180,180
180,180,15,15
15,15,183,183
183,183,15,15
15,15,187,187
187,187,15,15
15,15,190,190
190,190,15,15
15,15,193,193
193,193,15,15
15,15,196,196
196,196,15,15
15,15,199,199
199,199,15,15
15,15,201,201
201,201,15,15
15,15,204,204
204,204,15,15
15,15,207,207
207,207,15,15
15,15,209,209
209,209,15,15
15,15,211,211
211,211,15,15
15,15,214,214
214,214,15,15
16,16,60,60
60,60,16,16
16,16,67,67
67,67,16,16
16,16,71,71
71,71,16,16
16,16,75,75
75,75,16,16
16,16,79,79
79,79,16,16
16,16,83,83
83,83,16,16
16,16,87,87
87,87,16,16
16,16,104,104
104,104,16,16
16,16,122,122
122,122,16,16
16,16,126,126
126,126,16,16
16,16,130,130
130,130,16,16
16,16,134,134
134,134,16,16
16,16,138,138
138,138,16,16
16,16,142,142
142,142,16,16
16,16,146,146
146,146,16,16
16,16,150,150
150,150,16,16
16,16,152,152
152,152,16,16
16,16,154,154
154,154,16,16
16,16,159,159
159,159,16,16
16,16,163,163
163,163,16,16
16,16,167,167
167,167,16,16
16,16,171,171
171,171,16,16
16,16,175,175
175,175,16,16
16,16,177,177
177,177,16,16
16,16,181,181
181,181,16,16
16,16,184,184
184,184,16,16
16,16,188,188
188,188,16,16
16,16,191,191
191,191,16,16
16,16,194,194
194,194,16,16
16,16,197,197
197,197,16,16
16,16,200,200
200,200,16,16
16,16,202,202
202,202,16,16
16,16,205,205
205,205,16,16
16,16,208,208
208,208,16,16
16,16,210,210
210,210,16,16
16,16,212,212
212,212,16,16
16,16,218,218
218,218,16,16
16,16,233,233
233,233,16,16
16,16,248,248
248,248,16,16
16,16,269,269
269,269,16,16
16,16,273,273
273,273,16,16
16,16,275,275
275,275,16,16
16,16,278,278
278,278,16,16
16,16,283,283
283,283,16,16
16,16,289,289
289,289,16,16
16,16,292,292
292,292,16,16
16,16,297,297
297,297,16,16
16,16,300,300
300,300,16,16
16,16,306,306
306,306,16,16
17,17,28,28
28,28,17,17
18,18,24,24
24,24,18,18
18,18,27,27
27,27,18,18
18,18,30,30
30,30,18,18
19,19,22,22
22,22,19,19
19,19,25,25
25,25,19,19
19,19,31,31
31,31,19,19
20,20,23,23
23,23,20,20
20,20,32,32
32,32,20,20
21,21,24,24
24,24,21,21
21,21,27,27
27,27,21,21
21,21,33,33
33,33,21,21
22,22,25,25
25,25,22,22
22,22,31,31
31,31,22,22
23,23,32,32
32,32,23,23
24,24,27,27
27,27,24,24
24,24,30,30
30,30,24,24
24,24,33,33
33,33,24,24
27,27,30,30
30,30,27,27
27,27,33,33
33,33,27,27
30,30,33,33
33,33,30,30
36,36,38,38
38,38,36,36
36,36,40,40
40,40,36,36
36,36,45,45
45,45,36,36
36,36,47,47
47,47,36,36
36,36,98,98
98,98,36,36
36,36,102,102
102,102,36,36
36,36,117,117
117,117,36,36
36,36,138,138
138,138,36,36
36,36,154,154
154,154,36,36
36,36,221,221
221,221,36,36
36,36,227,227
227,227,36,36
38,38,40,40
40,40,38,38
38,38,45,45
45,45,38,38
38,38,47,47
47,47,38,38
38,38,98,98
98,98,38,38
38,38,117,117
117,117,38,38
38,38,159,159
159,159,38,38
38,38,171,171
171,171,38,38
40,40,45,45
45,45,40,40
40,40,47,47
47,47,40,40
40,40,98,98
98,98,40,40
40,40,117,117
117,117,40,40
44,44,49,49
49,49,44,44
45,45,47,47
47,47,45,45
45,45,98,98
98,98,45,45
45,45,102,102
102,102,45,45
45,45,117,117
117,117,45,45
45,45,167,167
167,167,45,45
47,47,98,98
98,98,47,47
47,47,102,102
102,102,47,47
47,47,117,117
117,117,47,47
47,47,230,230
230,230,47,47
50,50,90,90
90,90,50,50
50,50,94,94
94,94,50,50
51,51,54,54
54,54,51,51
51,51,57,57
57,57,51,51
51,51,91,91
91,91,51,51
51,51,95,95
95,95,51,51
51,51,111,111
111,111,51,51
51,51,115,115
115,115,51,51
51,51,315,315
315,315,51,51
52,52,55,55
55,55,52,52
52,52,58,58
58,58,52,52
52,52,316,316
316,316,52,52
53,53,56,56
56,56,53,53
53,53,89,89
89,89,53,53
53,53,93,93
93,93,53,53
54,54,57,57
57,57,54,54
54,54,91,91
91,91,54,54
54,54,95,95
95,95,54,54
54,54,111,111
111,111,54,54
54,54,115,115
115,115,54,54
54,54,315,315
315,315,54,54
55,55,58,58
58,58,55,55
55,55,96,96
96,96,55,55
55,55,316,316
316,316,55,55
56,56,93,93
93,93,56,56
57,57,91,91
91,91,57,57
57,57,95,95
95,95,57,57
57,57,111,111
111,111,57,57
57,57,115,115
115,115,57,57
57,57,315,315
315,315,57,57
58,58,96,96
96,96,58,58
58,58,316,316
316,316,58,58
59,59,199,199
199,199,59,59
59,59,201,201
201,201,59,59
60,60,63,63
63,63,60,60
60,60,67,67
67,67,60,60
60,60,71,71
71,71,60,60
60,60,75,75
75,75,60,60
60,60,79,79
79,79,60,60
60,60,83,83
83,83,60,60
60,60,87,87
87,87,60,60
60,60,104,104
104,104,60,60
60,60,122,122
122,122,60,60
60,60,126,126
126,126,60,60
60,60,130,130
130,130,60,60
60,60,134,134
134,134,60,60
60,60,138,138
138,138,60,60
60,60,142,142
142,142,60,60
60,60,146,146
146,146,60,60
60,60,150,150
150,150,60,60
60,60,152,152
152,152,60,60
60,60,154,154
154,154,60,60
60,60,159,159
159,159,60,60
60,60,163,163
163,163,60,60
60,60,167,167
167,167,60,60
60,60,171,171
171,171,60,60
60,60,175,175
175,175,60,60
60,60,177,177
177,177,60,60
60,60,181,181
181,181,60,60
60,60,184,184
184,184,60,60
60,60,191,191
191,191,60,60
60,60,194,194
194,194,60,60
60,60,197,197
197,197,60,60
60,60,200,200
200,200,60,60
60,60,205,205
205,205,60,60
60,60,208,208
208,208,60,60
60,60,212,212
212,212,60,60
60,60,215,215
215,215,60,60
60,60,218,218
218,218,60,60
60,60,233,233
233,233,60,60
60,60,242,242
242,242,60,60
60,60,244,244
244,244,60,60
60,60,248,248
248,248,60,60
60,60,250,250
250,250,60,60
60,60,252,252
252,252,60,60
60,60,254,254
254,254,60,60
60,60,256,256
256,256,60,60
60,60,258,258
258,258,60,60
60,60,261,261
261,261,60,60
60,60,265,265
265,265,60,60
60,60,267,267
267,267,60,60
60,60,269,269
269,269,60,60
60,60,273,273
273,273,60,60
60,60,275,275
275,275,60,60
60,60,278,278
278,278,60,60
60,60,283,283
283,283,60,60
60,60,287,287
287,287,60,60
60,60,289,289
289,289,60,60
60,60,292,292
292,292,60,60
60,60,297,297
297,297,60,60
60,60,300,300
300,300,60,60
60,60,302,302
302,302,60,60
60,60,306,306
306,306,60,60
60,60,308,308
308,308,60,60
60,60,313,313
313,313,60,60
62,62,66,66
66,66,62,62
62,62,70,70
70,70,62,62
62,62,249,249
249,249,62,62
62,62,255,255
255,255,62,62
63,63,67,67
67,67,63,63
63,63,71,71
71,71,63,63
63,63,75,75
75,75,63,63
63,63,79,79
79,79,63,63
63,63,87,87
87,87,63,63
63,63,104,104
104,104,63,63
63,63,138,138
138,138,63,63
63,63,152,152
152,152,63,63
63,63,154,154
154,154,63,63
63,63,171,171
171,171,63,63
63,63,177,177
177,177,63,63
63,63,191,191
191,191,63,63
63,63,200,200
200,200,63,63
63,63,202,202
202,202,63,63
63,63,205,205
205,205,63,63
63,63,208,208
208,208,63,63
63,63,210,210
210,210,63,63
63,63,212,212
212,212,63,63
63,63,215,215
215,215,63,63
63,63,218,218
218,218,63,63
63,63,233,233
233,233,63,63
63,63,242,242
242,242,63,63
63,63,244,244
244,244,63,63
63,63,248,248
248,248,63,63
63,63,250,250
250,250,63,63
63,63,252,252
252,252,63,63
63,63,254,254
254,254,63,63
63,63,256,256
256,256,63,63
63,63,258,258
258,258,63,63
63,63,261,261
261,261,63,63
63,63,265,265
265,265,63,63
63,63,267,267
267,267,63,63
63,63,269,269
269,269,63,63
63,63,273,273
273,273,63,63
63,63,275,275
275,275,63,63
63,63,278,278
278,278,63,63
63,63,283,283
283,283,63,63
63,63,287,287
287,287,63,63
63,63,289,289
289,289,63,63
63,63,292,292
292,292,63,63
63,63,297,297
297,297,63,63
63,63,300,300
300,300,63,63
63,63,302,302
302,302,63,63
63,63,306,306
306,306,63,63
63,63,308,308
308,308,63,63
63,63,313,313
313,313,63,63
66,66,70,70
70,70,66,66
67,67,71,71
71,71,67,67
67,67,75,75
75,75,67,67
67,67,79,79
79,79,67,67
67,67,83,83
83,83,67,67
67,67,87,87
87,87,67,67
67,67,104,104
104,104,67,67
67,67,122,122
122,122,67,67
67,67,130,130
130,130,67,67
67,67,134,134
134,134,67,67
67,67,138,138
138,138,67,67
67,67,142,142
142,142,67,67
67,67,146,146
146,146,67,67
67,67,150,150
150,150,67,67
67,67,152,152
152,152,67,67
67,67,159,159
159,159,67,67
67,67,163,163
163,163,67,67
67,67,167,167
167,167,67,67
67,67,171,171
171,171,67,67
67,67,177,177
177,177,67,67
67,67,181,181
181,181,67,67
67,67,184,184
184,184,67,67
67,67,191,191
191,191,67,67
67,67,194,194
194,194,67,67
67,67,197,197
197,197,67,67
67,67,200,200
200,200,67,67
67,67,202,202
202,202,67,67
67,67,205,205
205,205,67,67
67,67,210,210
210,210,67,67
67,67,212,212
212,212,67,67
67,67,242,242
242,242,67,67
67,67,244,244
244,244,67,67
67,67,248,248
248,248,67,67
67,67,252,252
252,252,67,67
67,67,254,254
254,254,67,67
67,67,256,256
256,256,67,67
67,67,258,258
258,258,67,67
67,67,261,261
261,261,67,67
67,67,265,265
265,265,67,67
67,67,267,267
267,267,67,67
67,67,269,269
269,269,67,67
67,67,273,273
273,273,67,67
67,67,275,275
275,275,67,67
67,67,278,278
278,278,67,67
67,67,283,283
283,283,67,67
67,67,287,287
287,287,67,67
67,67,289,289
289,289,67,67
67,67,292,292
292,292,67,67
67,67,297,297
297,297,67,67
67,67,300,300
300,300,67,67
67,67,302,302
302,302,67,67
67,67,306,306
306,306,67,67
67,67,308,308
308,308,67,67
67,67,313,313
313,313,67,67
69,69,73,73
73,73,69,69
70,70,243,243
243,243,70,70
70,70,249,249
249,249,70,70
70,70,253,253
253,253,70,70
70,70,255,255
255,255,70,70
71,71,75,75
75,75,71,71
71,71,87,87
87,87,71,71
71,71,104,104
104,104,71,71
71,71,122,122
122,122,71,71
71,71,126,126
126,126,71,71
71,71,138,138
138,138,71,71
71,71,177,177
177,177,71,71
71,71,181,181
181,181,71,71
71,71,184,184
184,184,71,71
71,71,191,191
191,191,71,71
71,71,194,194
194,194,71,71
71,71,200,200
200,200,71,71
71,71,205,205
205,205,71,71
71,71,208,208
208,208,71,71
71,71,210,210
210,210,71,71
71,71,212,212
212,212,71,71
71,71,218,218
218,218,71,71
71,71,233,233
233,233,71,71
71,71,242,242
242,242,71,71
71,71,244,244
244,244,71,71
71,71,248,248
248,248,71,71
71,71,250,250
250,250,71,71
71,71,252,252
252,252,71,71
71,71,254,254
254,254,71,71
71,71,256,256
256,256,71,71
71,71,258,258
258,258,71,71
71,71,261,261
261,261,71,71
71,71,265,265
265,265,71,71
71,71,267,267
267,267,71,71
71,71,269,269
269,269,71,71
71,71,273,273
273,273,71,71
71,71,275,275
275,275,71,71
71,71,278,278
278,278,71,71
71,71,283,283
283,283,71,71
71,71,287,287
287,287,71,71
71,71,289,289
289,289,71,71
71,71,292,292
292,292,71,71
71,71,297,297
297,297,71,71
71,71,300,300
300,300,71,71
71,71,302,302
302,302,71,71
71,71,306,306
306,306,71,71
71,71,308,308
308,308,71,71
71,71,313,313
313,313,71,71
74,74,274,274
274,274,74,74
75,75,79,79
79,79,75,75
75,75,83,83
83,83,75,75
75,75,87,87
87,87,75,75
75,75,104,104
104,104,75,75
75,75,126,126
126,126,75,75
75,75,130,130
130,130,75,75
75,75,138,138
138,138,75,75
75,75,150,150
150,150,75,75
75,75,152,152
152,152,75,75
75,75,154,154
154,154,75,75
75,75,159,159
159,159,75,75
75,75,163,163
163,163,75,75
75,75,167,167
167,167,75,75
75,75,171,171
171,171,75,75
75,75,175,175
175,175,75,75
75,75,181,181
181,181,75,75
75,75,184,184
184,184,75,75
75,75,188,188
188,188,75,75
75,75,191,191
191,191,75,75
75,75,194,194
194,194,75,75
75,75,200,200
200,200,75,75
75,75,202,202
202,202,75,75
75,75,205,205
205,205,75,75
75,75,208,208
208,208,75,75
75,75,210,210
210,210,75,75
75,75,212,212
212,212,75,75
75,75,215,215
215,215,75,75
75,75,218,218
218,218,75,75
75,75,233,233
233,233,75,75
75,75,242,242
242,242,75,75
75,75,244,244
244,244,75,75
75,75,248,248
248,248,75,75
75,75,250,250
250,250,75,75
75,75,252,252
252,252,75,75
75,75,254,254
254,254,75,75
75,75,256,256
256,256,75,75
75,75,258,258
258,258,75,75
75,75,261,261
261,261,75,75
75,75,265,265
265,265,75,75
75,75,267,267
267,267,75,75
75,75,269,269
269,269,75,75
75,75,273,273
273,273,75,75
75,75,275,275
275,275,75,75
75,75,278,278
278,278,75,75
75,75,283,283
283,283,75,75
75,75,287,287
287,287,75,75
75,75,289,289
289,289,75,75
75,75,292,292
292,292,75,75
75,75,297,297
297,297,75,75
75,75,300,300
300,300,75,75
75,75,302,302
302,302,75,75
75,75,306,306
306,306,75,75
75,75,308,308
308,308,75,75
75,75,313,313
313,313,75,75
78,78,81,81
81,81,78,78
78,78,136,136
136,136,78,78
78,78,139,139
139,139,78,78
78,78,151,151
151,151,78,78
78,78,153,153
153,153,78,78
78,78,180,180
180,180,78,78
78,78,193,193
193,193,78,78
78,78,209,209
209,209,78,78
78,78,214,214
214,214,78,78
79,79,83,83
83,83,79,79
79,79,87,87
87,87,79,79
79,79,122,122
122,122,79,79
79,79,126,126
126,126,79,79
79,79,130,130
130,130,79,79
79,79,134,134
134,134,79,79
79,79,138,138
138,138,79,79
79,79,142,142
142,142,79,79
79,79,146,146
146,146,79,79
79,79,150,150
150,150,79,79
79,79,152,152
152,152,79,79
79,79,154,154
154,154,79,79
79,79,159,159
159,159,79,79
79,79,163,163
163,163,79,79
79,79,167,167
167,167,79,79
79,79,171,171
171,171,79,79
79,79,175,175
175,175,79,79
79,79,177,177
177,177,79,79
79,79,181,181
181,181,79,79
79,79,184,184
184,184,79,79
79,79,188,188
188,188,79,79
79,79,191,191
191,191,79,79
79,79,194,194
194,194,79,79
79,79,197,197
197,197,79,79
79,79,200,200
200,200,79,79
79,79,202,202
202,202,79,79
79,79,205,205
205,205,79,79
79,79,208,208
208,208,79,79
79,79,210,210
210,210,79,79
79,79,212,212
212,212,79,79
79,79,218,218
218,218,79,79
79,79,242,242
242,242,79,79
79,79,244,244
244,244,79,79
79,79,248,248
248,248,79,79
79,79,254,254
254,254,79,79
79,79,258,258
258,258,79,79
79,79,267,267
267,267,79,79
79,79,269,269
269,269,79,79
79,79,275,275
275,275,79,79
79,79,278,278
278,278,79,79
79,79,287,287
287,287,79,79
79,79,289,289
289,289,79,79
79,79,292,292
292,292,79,79
79,79,300,300
300,300,79,79
79,79,302,302
302,302,79,79
79,79,306,306
306,306,79,79
81,81,136,136
136,136,81,81
81,81,151,151
151,151,81,81
81,81,153,153
153,153,81,81
83,83,87,87
87,87,83,83
83,83,122,122
122,122,83,83
83,83,126,126
126,126,83,83
83,83,130,130
130,130,83,83
83,83,134,134
134,134,83,83
83,83,138,138
138,138,83,83
83,83,142,142
142,142,83,83
83,83,146,146
146,146,83,83
83,83,150,150
150,150,83,83
83,83,152,152
152,152,83,83
83,83,154,154
154,154,83,83
83,83,159,159
159,159,83,83
83,83,163,163
163,163,83,83
83,83,167,167
167,167,83,83
83,83,171,171
171,171,83,83
83,83,175,175
175,175,83,83
83,83,177,177
177,177,83,83
83,83,181,181
181,181,83,83
83,83,184,184
184,184,83,83
83,83,188,188
188,188,83,83
83,83,194,194
194,194,83,83
83,83,197,197
197,197,83,83
83,83,200,200
200,200,83,83
83,83,202,202
202,202,83,83
83,83,205,205
205,205,83,83
83,83,208,208
208,208,83,83
83,83,210,210
210,210,83,83
83,83,212,212
212,212,83,83
83,83,215,215
215,215,83,83
83,83,218,218
218,218,83,83
83,83,227,227
227,227,83,83
83,83,233,233
233,233,83,83
83,83,244,244
244,244,83,83
83,83,248,248
248,248,83,83
83,83,258,258
258,258,83,83
83,83,269,269
269,269,83,83
83,83,275,275
275,275,83,83
83,83,278,278
278,278,83,83
83,83,283,283
283,283,83,83
83,83,287,287
287,287,83,83
83,83,289,289
289,289,83,83
83,83,292,292
292,292,83,83
83,83,297,297
297,297,83,83
83,83,306,306
306,306,83,83
83,83,308,308
308,308,83,83
84,84,155,155
155,155,84,84
86,86,183,183
183,183,86,86
86,86,187,187
187,187,86,86
86,86,190,190
190,190,86,86
86,86,193,193
193,193,86,86
86,86,196,196
196,196,86,86
86,86,199,199
199,199,86,86
86,86,201,201
201,201,86,86
86,86,204,204
204,204,86,86
86,86,207,207
207,207,86,86
86,86,209,209
209,209,86,86
86,86,214,214
214,214,86,86
86,86,217,217
217,217,86,86
87,87,104,104
104,104,87,87
87,87,122,122
122,122,87,87
87,87,126,126
126,126,87,87
87,87,130,130
130,130,87,87
87,87,134,134
134,134,87,87
87,87,142,142
142,142,87,87
87,87,146,146
146,146,87,87
87,87,150,150
150,150,87,87
87,87,152,152
152,152,87,87
87,87,154,154
154,154,87,87
87,87,167,167
167,167,87,87
87,87,171,171
171,171,87,87
87,87,177,177
177,177,87,87
87,87,181,181
181,181,87,87
87,87,184,184
184,184,87,87
87,87,188,188
188,188,87,87
87,87,191,191
191,191,87,87
87,87,194,194
194,194,87,87
87,87,197,197
197,197,87,87
87,87,200,200
200,200,87,87
87,87,202,202
202,202,87,87
87,87,205,205
205,205,87,87
87,87,208,208
208,208,87,87
87,87,210,210
210,210,87,87
87,87,212,212
212,212,87,87
87,87,215,215
215,215,87,87
87,87,218,218
218,218,87,87
87,87,244,244
244,244,87,87
87,87,248,248
248,248,87,87
87,87,252,252
252,252,87,87
87,87,256,256
256,256,87,87
87,87,258,258
258,258,87,87
87,87,261,261
261,261,87,87
87,87,265,265
265,265,87,87
87,87,267,267
267,267,87,87
87,87,269,269
269,269,87,87
87,87,273,273
273,273,87,87
87,87,278,278
278,278,87,87
87,87,289,289
289,289,87,87
87,87,292,292
292,292,87,87
87,87,297,297
297,297,87,87
87,87,300,300
300,300,87,87
87,87,302,302
302,302,87,87
87,87,306,306
306,306,87,87
87,87,313,313
313,313,87,87
89,89,93,93
93,93,89,89
90,90,94,94
94,94,90,90
91,91,95,95
95,95,91,91
91,91,111,111
111,111,91,91
91,91,115,115
115,115,91,91
91,91,238,238
238,238,91,91
91,91,315,315
315,315,91,91
92,92,96,96
96,96,92,92
94,94,110,110
110,110,94,94
95,95,111,111
111,111,95,95
95,95,115,115
115,115,95,95
95,95,315,315
315,315,95,95
96,96,316,316
316,316,96,96
97,97,193,193
193,193,97,97
98,98,102,102
102,102,98,98
98,98,117,117
117,117,98,98
102,102,130,130
130,130,102,102
102,102,142,142
142,142,102,102
102,102,159,159
159,159,102,102
102,102,163,163
163,163,102,102
102,102,175,175
175,175,102,102
102,102,227,227
227,227,102,102
102,102,230,230
230,230,102,102
104,104,122,122
122,122,104,104
104,104,134,134
134,134,104,104
104,104,138,138
138,138,104,104
104,104,152,152
152,152,104,104
104,104,154,154
154,154,104,104
104,104,159,159
159,159,104,104
104,104,163,163
163,163,104,104
104,104,171,171
171,171,104,104
104,104,181,181
181,181,104,104
104,104,191,191
191,191,104,104
104,104,200,200
200,200,104,104
104,104,205,205
205,205,104,104
104,104,215,215
215,215,104,104
104,104,233,233
233,233,104,104
104,104,244,244
244,244,104,104
104,104,254,254
254,254,104,104
104,104,258,258
258,258,104,104
104,104,265,265
265,265,104,104
104,104,267,267
267,267,104,104
104,104,269,269
269,269,104,104
104,104,273,273
273,273,104,104
104,104,275,275
275,275,104,104
104,104,278,278
278,278,104,104
104,104,283,283
283,283,104,104
104,104,287,287
287,287,104,104
104,104,289,289
289,289,104,104
104,104,292,292
292,292,104,104
104,104,297,297
297,297,104,104
104,104,300,300
300,300,104,104
104,104,302,302
302,302,104,104
104,104,306,306
306,306,104,104
104,104,308,308
308,308,104,104
104,104,313,313
313,313,104,104
111,111,115,115
115,115,111,111
111,111,238,238
238,238,111,111
111,111,315,315
315,315,111,111
115,115,238,238
238,238,115,115
115,115,315,315
315,315,115,115
119,119,123,123
123,123,119,119
119,119,127,127
127,127,119,119
119,119,131,131
131,131,119,119
119,119,136,136
136,136,119,119
119,119,139,139
139,139,119,119
119,119,143,143
143,143,119,119
119,119,147,147
147,147,119,119
119,119,156,156
156,156,119,119
119,119,160,160
160,160,119,119
119,119,164,164
164,164,119,119
119,119,168,168
168,168,119,119
119,119,172,172
172,172,119,119
119,119,284,284
284,284,119,119
122,122,126,126
126,126,122,122
122,122,130,130
130,130,122,122
122,122,134,134
134,134,122,122
122,122,138,138
138,138,122,122
122,122,142,142
142,142,122,122
122,122,146,146
146,146,122,122
122,122,150,150
150,150,122,122
122,122,152,152
152,152,122,122
122,122,154,154
154,154,122,122
122,122,159,159
159,159,122,122
122,122,163,163
163,163,122,122
122,122,167,167
167,167,122,122
122,122,171,171
171,171,122,122
122,122,175,175
175,175,122,122
122,122,177,177
177,177,122,122
122,122,181,181
181,181,122,122
122,122,184,184
184,184,122,122
122,122,188,188
188,188,122,122
122,122,191,191
191,191,122,122
122,122,194,194
194,194,122,122
122,122,197,197
197,197,122,122
122,122,200,200
200,200,122,122
122,122,202,202
202,202,122,122
122,122,205,205
205,205,122,122
122,122,210,210
210,210,122,122
122,122,218,218
218,218,122,122
122,122,233,233
233,233,122,122
122,122,244,244
244,244,122,122
122,122,258,258
258,258,122,122
122,122,267,267
267,267,122,122
122,122,273,273
273,273,122,122
122,122,275,275
275,275,122,122
122,122,278,278
278,278,122,122
122,122,283,283
283,283,122,122
122,122,287,287
287,287,122,122
122,122,292,292
292,292,122,122
122,122,306,306
306,306,122,122
122,122,313,313
313,313,122,122
123,123,127,127
127,127,123,123
123,123,131,131
131,131,123,123
123,123,136,136
136,136,123,123
123,123,139,139
139,139,123,123
123,123,143,143
143,143,123,123
123,123,147,147
147,147,123,123
123,123,156,156
156,156,123,123
123,123,160,160
160,160,123,123
123,123,164,164
164,164,123,123
123,123,168,168
168,168,123,123
123,123,172,172
172,172,123,123
123,123,284,284
284,284,123,123
126,126,130,130
130,130,126,126
126,126,134,134
134,134,126,126
126,126,138,138
138,138,126,126
126,126,142,142
142,142,126,126
126,126,146,146
146,146,126,126
126,126,150,150
150,150,126,126
126,126,152,152
152,152,126,126
126,126,154,154
154,154,126,126
126,126,159,159
159,159,126,126
126,126,163,163
163,163,126,126
126,126,167,167
167,167,126,126
126,126,171,171
171,171,126,126
126,126,175,175
175,175,126,126
126,126,181,181
181,181,126,126
126,126,184,184
184,184,126,126
126,126,188,188
188,188,126,126
126,126,191,191
191,191,126,126
126,126,194,194
194,194,126,126
126,126,202,202
202,202,126,126
126,126,218,218
218,218,126,126
126,126,244,244
244,244,126,126
126,126,275,275
275,275,126,126
126,126,278,278
278,278,126,126
126,126,292,292
292,292,126,126
126,126,297,297
297,297,126,126
126,126,300,300
300,300,126,126
126,126,313,313
313,313,126,126
127,127,131,131
131,131,127,127
127,127,136,136
136,136,127,127
127,127,139,139
139,139,127,127
127,127,143,143
143,143,127,127
127,127,147,147
147,147,127,127
127,127,156,156
156,156,127,127
127,127,160,160
160,160,127,127
127,127,164,164
164,164,127,127
127,127,168,168
168,168,127,127
127,127,172,172
172,172,127,127
127,127,284,284
284,284,127,127
130,130,134,134
134,134,130,130
130,130,138,138
138,138,130,130
130,130,142,142
142,142,130,130
130,130,146,146
146,146,130,130
130,130,150,150
150,150,130,130
130,130,152,152
152,152,130,130
130,130,154,154
154,154,130,130
130,130,159,159
159,159,130,130
130,130,163,163
163,163,130,130
130,130,167,167
167,167,130,130
130,130,171,171
171,171,130,130
130,130,175,175
175,175,130,130
130,130,177,177
177,177,130,130
130,130,181,181
181,181,130,130
130,130,184,184
184,184,130,130
130,130,188,188
188,188,130,130
130,130,191,191
191,191,130,130
130,130,194,194
194,194,130,130
130,130,197,197
197,197,130,130
130,130,200,200
200,200,130,130
130,130,205,205
205,205,130,130
130,130,208,208
208,208,130,130
130,130,215,215
215,215,130,130
130,130,218,218
218,218,130,130
130,130,227,227
227,227,130,130
130,130,233,233
233,233,130,130
130,130,248,248
248,248,130,130
130,130,258,258
258,258,130,130
130,130,269,269
269,269,130,130
130,130,275,275
275,275,130,130
130,130,278,278
278,278,130,130
130,130,283,283
283,283,130,130
130,130,287,287
287,287,130,130
130,130,292,292
292,292,130,130
130,130,297,297
297,297,130,130
130,130,302,302
302,302,130,130
130,130,313,313
313,313,130,130
131,131,136,136
136,136,131,131
131,131,139,139
139,139,131,131
131,131,143,143
143,143,131,131
131,131,147,147
147,147,131,131
131,131,156,156
156,156,131,131
131,131,160,160
160,160,131,131
131,131,164,164
164,164,131,131
131,131,168,168
168,168,131,131
131,131,172,172
172,172,131,131
134,134,138,138
138,138,134,134
134,134,142,142
142,142,134,134
134,134,146,146
146,146,134,134
134,134,150,150
150,150,134,134
134,134,152,152
152,152,134,134
134,134,154,154
154,154,134,134
134,134,159,159
159,159,134,134
134,134,163,163
163,163,134,134
134,134,167,167
167,167,134,134
134,134,171,171
171,171,134,134
134,134,175,175
175,175,134,134
134,134,177,177
177,177,134,134
134,134,181,181
181,181,134,134
134,134,184,184
184,184,134,134
134,134,188,188
188,188,134,134
134,134,191,191
191,191,134,134
134,134,194,194
194,194,134,134
134,134,197,197
197,197,134,134
134,134,200,200
200,200,134,134
134,134,205,205
205,205,134,134
134,134,210,210
210,210,134,134
134,134,215,215
215,215,134,134
134,134,218,218
218,218,134,134
134,134,233,233
233,233,134,134
134,134,242,242
242,242,134,134
134,134,248,248
248,248,134,134
134,134,258,258
258,258,134,134
134,134,267,267
267,267,134,134
134,134,269,269
269,269,134,134
134,134,275,275
275,275,134,134
134,134,278,278
278,278,134,134
134,134,283,283
283,283,134,134
134,134,287,287
287,287,134,134
134,134,292,292
292,292,134,134
134,134,300,300
300,300,134,134
136,136,143,143
143,143,136,136
136,136,147,147
147,147,136,136
136,136,151,151
151,151,136,136
136,136,153,153
153,153,136,136
136,136,156,156
156,156,136,136
136,136,160,160
160,160,136,136
136,136,164,164
164,164,136,136
136,136,168,168
168,168,136,136
136,136,172,172
172,172,136,136
136,136,187,187
187,187,136,136
136,136,209,209
209,209,136,136
136,136,214,214
214,214,136,136
138,138,142,142
142,142,138,138
138,138,146,146
146,146,138,138
138,138,150,150
150,150,138,138
138,138,152,152
152,152,138,138
138,138,154,154
154,154,138,138
138,138,159,159
159,159,138,138
138,138,163,163
163,163,138,138
138,138,167,167
167,167,138,138
138,138,171,171
171,171,138,138
138,138,175,175
175,175,138,138
138,138,177,177
177,177,138,138
138,138,181,181
181,181,138,138
138,138,188,188
188,188,138,138
138,138,191,191
191,191,138,138
138,138,194,194
194,194,138,138
138,138,197,197
197,197,138,138
138,138,200,200
200,200,138,138
138,138,202,202
202,202,138,138
138,138,205,205
205,205,138,138
138,138,208,208
208,208,138,138
138,138,212,212
212,212,138,138
138,138,215,215
215,215,138,138
138,138,218,218
218,218,138,138
138,138,233,233
233,233,138,138
138,138,248,248
248,248,138,138
138,138,258,258
258,258,138,138
138,138,267,267
267,267,138,138
138,138,269,269
269,269,138,138
138,138,273,273
273,273,138,138
138,138,275,275
275,275,138,138
138,138,278,278
278,278,138,138
138,138,283,283
283,283,138,138
138,138,287,287
287,287,138,138
138,138,289,289
289,289,138,138
138,138,292,292
292,292,138,138
138,138,297,297
297,297,138,138
138,138,300,300
300,300,138,138
138,138,306,306
306,306,138,138
139,139,143,143
143,143,139,139
139,139,147,147
147,147,139,139
139,139,156,156
156,156,139,139
139,139,160,160
160,160,139,139
139,139,164,164
164,164,139,139
139,139,168,168
168,168,139,139
139,139,172,172
172,172,139,139
139,139,284,284
284,284,139,139
142,142,146,146
146,146,142,142
142,142,150,150
150,150,142,142
142,142,152,152
152,152,142,142
142,142,154,154
154,154,142,142
142,142,159,159
159,159,142,142
142,142,163,163
163,163,142,142
142,142,167,167
167,167,142,142
142,142,171,171
171,171,142,142
142,142,175,175
175,175,142,142
142,142,177,177
177,177,142,142
142,142,181,181
181,181,142,142
142,142,184,184
184,184,142,142
142,142,188,188
188,188,142,142
142,142,191,191
191,191,142,142
142,142,194,194
194,194,142,142
142,142,197,197
197,197,142,142
142,142,200,200
200,200,142,142
142,142,205,205
205,205,142,142
142,142,212,212
212,212,142,142
142,142,215,215
215,215,142,142
142,142,233,233
233,233,142,142
142,142,244,244
244,244,142,142
142,142,248,248
248,248,142,142
142,142,265,265
265,265,142,142
142,142,267,267
267,267,142,142
142,142,269,269
269,269,142,142
142,142,275,275
275,275,142,142
142,142,278,278
278,278,142,142
142,142,292,292
292,292,142,142
142,142,300,300
300,300,142,142
142,142,306,306
306,306,142,142
142,142,308,308
308,308,142,142
143,143,147,147
147,147,143,143
143,143,156,156
156,156,143,143
143,143,160,160
160,160,143,143
143,143,164,164
164,164,143,143
143,143,168,168
168,168,143,143
143,143,172,172
172,172,143,143
146,146,150,150
150,150,146,146
146,146,152,152
152,152,146,146
146,146,154,154
154,154,146,146
146,146,159,159
159,159,146,146
146,146,163,163
163,163,146,146
146,146,167,167
167,167,146,146
146,146,171,171
171,171,146,146
146,146,175,175
175,175,146,146
146,146,177,177
177,177,146,146
146,146,181,181
181,181,146,146
146,146,184,184
184,184,146,146
146,146,188,188
188,188,146,146
146,146,191,191
191,191,146,146
146,146,194,194
194,194,146,146
146,146,197,197
197,197,146,146
146,146,200,200
200,200,146,146
146,146,202,202
202,202,146,146
146,146,205,205
205,205,146,146
146,146,208,208
208,208,146,146
146,146,210,210
210,210,146,146
146,146,212,212
212,212,146,146
146,146,218,218
218,218,146,146
146,146,244,244
244,244,146,146
146,146,254,254
254,254,146,146
146,146,258,258
258,258,146,146
146,146,267,267
267,267,146,146
146,146,269,269
269,269,146,146
146,146,275,275
275,275,146,146
146,146,278,278
278,278,146,146
146,146,287,287
287,287,146,146
146,146,292,292
292,292,146,146
146,146,300,300
300,300,146,146
146,146,306,306
306,306,146,146
146,146,308,308
308,308,146,146
146,146,313,313
313,313,146,146
147,147,156,156
156,156,147,147
147,147,160,160
160,160,147,147
147,147,164,164
164,164,147,147
147,147,168,168
168,168,147,147
147,147,172,172
172,172,147,147
147,147,284,284
284,284,147,147
147,147,310,310
310,310,147,147
150,150,152,152
152,152,150,150
150,150,154,154
154,154,150,150
150,150,159,159
159,159,150,150
150,150,163,163
163,163,150,150
150,150,167,167
167,167,150,150
150,150,171,171
171,171,150,150
150,150,175,175
175,175,150,150
150,150,177,177
177,177,150,150
150,150,181,181
181,181,150,150
150,150,184,184
184,184,150,150
150,150,188,188
188,188,150,150
150,150,191,191
191,191,150,150
150,150,194,194
194,194,150,150
150,150,197,197
197,197,150,150
150,150,200,200
200,200,150,150
150,150,202,202
202,202,150,150
150,150,205,205
205,205,150,150
150,150,210,210
210,210,150,150
150,150,212,212
212,212,150,150
150,150,215,215
215,215,150,150
150,150,233,233
233,233,150,150
150,150,244,244
244,244,150,150
150,150,269,269
269,269,150,150
150,150,275,275
275,275,150,150
150,150,278,278
278,278,150,150
150,150,289,289
289,289,150,150
150,150,292,292
292,292,150,150
150,150,306,306
306,306,150,150
151,151,153,153
153,153,151,151
151,151,209,209
209,209,151,151
151,151,214,214
214,214,151,151
152,152,154,154
154,154,152,152
152,152,159,159
159,159,152,152
152,152,163,163
163,163,152,152
152,152,167,167
167,167,152,152
152,152,171,171
171,171,152,152
152,152,175,175
175,175,152,152
152,152,177,177
177,177,152,152
152,152,181,181
181,181,152,152
152,152,184,184
184,184,152,152
152,152,188,188
188,188,152,152
152,152,191,191
191,191,152,152
152,152,194,194
194,194,152,152
152,152,197,197
197,197,152,152
152,152,200,200
200,200,152,152
152,152,202,202
202,202,152,152
152,152,205,205
205,205,152,152
152,152,208,208
208,208,152,152
152,152,210,210
210,210,152,152
152,152,212,212
212,212,152,152
152,152,215,215
215,215,152,152
152,152,218,218
218,218,152,152
152,152,248,248
248,248,152,152
152,152,254,254
254,254,152,152
152,152,267,267
267,267,152,152
152,152,269,269
269,269,152,152
152,152,273,273
273,273,152,152
152,152,275,275
275,275,152,152
152,152,278,278
278,278,152,152
152,152,283,283
283,283,152,152
152,152,287,287
287,287,152,152
152,152,289,289
289,289,152,152
152,152,292,292
292,292,152,152
152,152,297,297
297,297,152,152
152,152,306,306
306,306,152,152
152,152,313,313
313,313,152,152
154,154,159,159
159,159,154,154
154,154,163,163
163,163,154,154
154,154,167,167
167,167,154,154
154,154,171,171
171,171,154,154
154,154,175,175
175,175,154,154
154,154,177,177
177,177,154,154
154,154,181,181
181,181,154,154
154,154,184,184
184,184,154,154
154,154,188,188
188,188,154,154
154,154,191,191
191,191,154,154
154,154,194,194
194,194,154,154
154,154,197,197
197,197,154,154
154,154,200,200
200,200,154,154
154,154,202,202
202,202,154,154
154,154,205,205
205,205,154,154
154,154,212,212
212,212,154,154
154,154,218,218
218,218,154,154
154,154,233,233
233,233,154,154
154,154,244,244
244,244,154,154
154,154,248,248
248,248,154,154
154,154,258,258
258,258,154,154
154,154,269,269
269,269,154,154
154,154,275,275
275,275,154,154
154,154,278,278
278,278,154,154
154,154,283,283
283,283,154,154
154,154,289,289
289,289,154,154
154,154,292,292
292,292,154,154
154,154,297,297
297,297,154,154
154,154,300,300
300,300,154,154
154,154,306,306
306,306,154,154
154,154,313,313
313,313,154,154
155,155,206,206
206,206,155,155
156,156,160,160
160,160,156,156
156,156,164,164
164,164,156,156
156,156,168,168
168,168,156,156
156,156,172,172
172,172,156,156
159,159,163,163
163,163,159,159
159,159,167,167
167,167,159,159
159,159,171,171
171,171,159,159
159,159,175,175
175,175,159,159
159,159,177,177
177,177,159,159
159,159,181,181
181,181,159,159
159,159,184,184
184,184,159,159
159,159,188,188
188,188,159,159
159,159,191,191
191,191,159,159
159,159,194,194
194,194,159,159
159,159,197,197
197,197,159,159
159,159,200,200
200,200,159,159
159,159,202,202
202,202,159,159
159,159,205,205
205,205,159,159
159,159,208,208
208,208,159,159
159,159,210,210
210,210,159,159
159,159,218,218
218,218,159,159
159,159,233,233
233,233,159,159
159,159,242,242
242,242,159,159
159,159,254,254
254,254,159,159
159,159,258,258
258,258,159,159
159,159,267,267
267,267,159,159
159,159,269,269
269,269,159,159
159,159,275,275
275,275,159,159
159,159,278,278
278,278,159,159
159,159,283,283
283,283,159,159
159,159,287,287
287,287,159,159
159,159,289,289
289,289,159,159
159,159,292,292
292,292,159,159
159,159,302,302
302,302,159,159
159,159,306,306
306,306,159,159
160,160,164,164
164,164,160,160
160,160,168,168
168,168,160,160
160,160,172,172
172,172,160,160
163,163,167,167
167,167,163,163
163,163,171,171
171,171,163,163
163,163,175,175
175,175,163,163
163,163,177,177
177,177,163,163
163,163,181,181
181,181,163,163
163,163,184,184
184,184,163,163
163,163,188,188
188,188,163,163
163,163,191,191
191,191,163,163
163,163,194,194
194,194,163,163
163,163,197,197
197,197,163,163
163,163,200,200
200,200,163,163
163,163,205,205
205,205,163,163
163,163,212,212
212,212,163,163
163,163,215,215
215,215,163,163
163,163,218,218
218,218,163,163
163,163,227,227
227,227,163,163
163,163,233,233
233,233,163,163
163,163,258,258
258,258,163,163
163,163,269,269
269,269,163,163
163,163,273,273
273,273,163,163
163,163,275,275
275,275,163,163
163,163,278,278
278,278,163,163
163,163,289,289
289,289,163,163
163,163,292,292
292,292,163,163
163,163,297,297
297,297,163,163
163,163,300,300
300,300,163,163
164,164,168,168
168,168,164,164
164,164,172,172
172,172,164,164
164,164,284,284
284,284,164,164
164,164,310,310
310,310,164,164
167,167,171,171
171,171,167,167
167,167,175,175
175,175,167,167
167,167,177,177
177,177,167,167
167,167,181,181
181,181,167,167
167,167,184,184
184,184,167,167
167,167,188,188
188,188,167,167
167,167,191,191
191,191,167,167
167,167,194,194
194,194,167,167
167,167,197,197
197,197,167,167
167,167,200,200
200,200,167,167
167,167,202,202
202,202,167,167
167,167,205,205
205,205,167,167
167,167,208,208
208,208,167,167
167,167,210,210
210,210,167,167
167,167,212,212
212,212,167,167
167,167,215,215
215,215,167,167
167,167,218,218
218,218,167,167
167,167,233,233
233,233,167,167
167,167,242,242
242,242,167,167
167,167,248,248
248,248,167,167
167,167,267,267
267,267,167,167
167,167,269,269
269,269,167,167
167,167,273,273
273,273,167,167
167,167,275,275
275,275,167,167
167,167,283,283
283,283,167,167
167,167,287,287
287,287,167,167
167,167,289,289
289,289,167,167
167,167,292,292
292,292,167,167
167,167,297,297
297,297,167,167
167,167,300,300
300,300,167,167
167,167,306,306
306,306,167,167
168,168,172,172
172,172,168,168
171,171,175,175
175,175,171,171
171,171,177,177
177,177,171,171
171,171,181,181
181,181,171,171
171,171,184,184
184,184,171,171
171,171,188,188
188,188,171,171
171,171,191,191
191,191,171,171
171,171,194,194
194,194,171,171
171,171,197,197
197,197,171,171
171,171,200,200
200,200,171,171
171,171,202,202
202,202,171,171
171,171,205,205
205,205,171,171
171,171,208,208
208,208,171,171
171,171,210,210
210,210,171,171
171,171,215,215
215,215,171,171
171,171,218,218
218,218,171,171
171,171,233,233
233,233,171,171
171,171,242,242
242,242,171,171
171,171,244,244
244,244,171,171
171,171,248,248
248,248,171,171
171,171,254,254
254,254,171,171
171,171,258,258
258,258,171,171
171,171,269,269
269,269,171,171
171,171,273,273
273,273,171,171
171,171,275,275
275,275,171,171
171,171,278,278
278,278,171,171
171,171,283,283
283,283,171,171
171,171,287,287
287,287,171,171
171,171,289,289
289,289,171,171
171,171,292,292
292,292,171,171
171,171,297,297
297,297,171,171
171,171,300,300
300,300,171,171
171,171,306,306
306,306,171,171
171,171,313,313
313,313,171,171
175,175,177,177
177,177,175,175
175,175,181,181
181,181,175,175
175,175,184,184
184,184,175,175
175,175,188,188
188,188,175,175
175,175,191,191
191,191,175,175
175,175,194,194
194,194,175,175
175,175,197,197
197,197,175,175
175,175,200,200
200,200,175,175
175,175,205,205
205,205,175,175
175,175,212,212
212,212,175,175
175,175,215,215
215,215,175,175
175,175,218,218
218,218,175,175
175,175,233,233
233,233,175,175
175,175,275,275
275,275,175,175
175,175,283,283
283,283,175,175
175,175,292,292
292,292,175,175
175,175,297,297
297,297,175,175
175,175,306,306
306,306,175,175
176,176,180,180
180,180,176,176
176,176,183,183
183,183,176,176
176,176,187,187
187,187,176,176
176,176,190,190
190,190,176,176
176,176,193,193
193,193,176,176
176,176,196,196
196,196,176,176
176,176,199,199
199,199,176,176
176,176,201,201
201,201,176,176
176,176,204,204
204,204,176,176
176,176,207,207
207,207,176,176
176,176,209,209
209,209,176,176
176,176,214,214
214,214,176,176
177,177,181,181
181,181,177,177
177,177,184,184
184,184,177,177
177,177,188,188
188,188,177,177
177,177,191,191
191,191,177,177
177,177,194,194
194,194,177,177
177,177,197,197
197,197,177,177
177,177,200,200
200,200,177,177
177,177,202,202
202,202,177,177
177,177,205,205
205,205,177,177
177,177,208,208
208,208,177,177
177,177,210,210
210,210,177,177
177,177,212,212
212,212,177,177
177,177,215,215
215,215,177,177
177,177,218,218
218,218,177,177
177,177,233,233
233,233,177,177
177,177,242,242
242,242,177,177
177,177,244,244
244,244,177,177
177,177,248,248
248,248,177,177
177,177,254,254
254,254,177,177
177,177,258,258
258,258,177,177
177,177,269,269
269,269,177,177
177,177,273,273
273,273,177,177
177,177,275,275
275,275,177,177
177,177,278,278
278,278,177,177
177,177,283,283
283,283,177,177
177,177,287,287
287,287,177,177
177,177,289,289
289,289,177,177
177,177,292,292
292,292,177,177
177,177,297,297
297,297,177,177
177,177,300,300
300,300,177,177
177,177,306,306
306,306,177,177
177,177,308,308
308,308,177,177
177,177,313,313
313,313,177,177
178,178,203,203
203,203,178,178
179,179,182,182
182,182,179,179
180,180,183,183
183,183,180,180
180,180,187,187
187,187,180,180
180,180,190,190
190,190,180,180
180,180,193,193
193,193,180,180
180,180,196,196
196,196,180,180
180,180,199,199
199,199,180,180
180,180,201,201
201,201,180,180
180,180,204,204
204,204,180,180
180,180,207,207
207,207,180,180
180,180,209,209
209,209,180,180
180,180,214,214
214,214,180,180
180,180,266,266
266,266,180,180
180,180,307,307
307,307,180,180
181,181,184,184
184,184,181,181
181,181,188,188
188,188,181,181
181,181,191,191
191,191,181,181
181,181,194,194
194,194,181,181
181,181,197,197
197,197,181,181
181,181,200,200
200,200,181,181
181,181,202,202
202,202,181,181
181,181,205,205
205,205,181,181
181,181,208,208
208,208,181,181
181,181,210,210
210,210,181,181
181,181,212,212
212,212,181,181
181,181,215,215
215,215,181,181
181,181,218,218
218,218,181,181
181,181,233,233
233,233,181,181
181,181,242,242
242,242,181,181
181,181,244,244
244,244,181,181
181,181,248,248
248,248,181,181
181,181,258,258
258,258,181,181
181,181,265,265
265,265,181,181
181,181,267,267
267,267,181,181
181,181,269,269
269,269,181,181
181,181,273,273
273,273,181,181
181,181,275,275
275,275,181,181
181,181,278,278
278,278,181,181
181,181,283,283
283,283,181,181
181,181,297,297
297,297,181,181
181,181,300,300
300,300,181,181
181,181,302,302
302,302,181,181
181,181,306,306
306,306,181,181
181,181,308,308
308,308,181,181
181,181,313,313
313,313,181,181
183,183,187,187
187,187,183,183
183,183,193,193
193,193,183,183
183,183,196,196
196,196,183,183
183,183,199,199
199,199,183,183
183,183,201,201
201,201,183,183
183,183,204,204
204,204,183,183
183,183,207,207
207,207,183,183
183,183,209,209
209,209,183,183
183,183,211,211
211,211,183,183
183,183,214,214
214,214,183,183
183,183,217,217
217,217,183,183
184,184,188,188
188,188,184,184
184,184,191,191
191,191,184,184
184,184,194,194
194,194,184,184
184,184,197,197
197,197,184,184
184,184,200,200
200,200,184,184
184,184,202,202
202,202,184,184
184,184,205,205
205,205,184,184
184,184,208,208
208,208,184,184
184,184,210,210
210,210,184,184
184,184,212,212
212,212,184,184
184,184,215,215
215,215,184,184
184,184,218,218
218,218,184,184
184,184,242,242
242,242,184,184
184,184,244,244
244,244,184,184
184,184,248,248
248,248,184,184
184,184,256,256
256,256,184,184
184,184,258,258
258,258,184,184
184,184,265,265
265,265,184,184
184,184,267,267
267,267,184,184
184,184,269,269
269,269,184,184
184,184,273,273
273,273,184,184
184,184,275,275
275,275,184,184
184,184,278,278
278,278,184,184
184,184,287,287
287,287,184,184
184,184,292,292
292,292,184,184
184,184,306,306
306,306,184,184
184,184,313,313
313,313,184,184
185,185,203,203
203,203,185,185
185,185,213,213
213,213,185,185
185,185,216,216
216,216,185,185
187,187,190,190
190,190,187,187
187,187,193,193
193,193,187,187
187,187,196,196
196,196,187,187
187,187,199,199
199,199,187,187
187,187,201,201
201,201,187,187
187,187,204,204
204,204,187,187
187,187,207,207
207,207,187,187
187,187,209,209
209,209,187,187
187,187,211,211
211,211,187,187
187,187,214,214
214,214,187,187
187,187,217,217
217,217,187,187
187,187,225,225
225,225,187,187
188,188,191,191
191,191,188,188
188,188,194,194
194,194,188,188
188,188,197,197
197,197,188,188
188,188,200,200
200,200,188,188
188,188,202,202
202,202,188,188
188,188,205,205
205,205,188,188
188,188,208,208
208,208,188,188
188,188,210,210
210,210,188,188
188,188,212,212
212,212,188,188
188,188,215,215
215,215,188,188
188,188,218,218
218,218,188,188
188,188,242,242
242,242,188,188
188,188,244,244
244,244,188,188
188,188,256,256
256,256,188,188
188,188,258,258
258,258,188,188
188,188,265,265
265,265,188,188
188,188,267,267
267,267,188,188
188,188,269,269
269,269,188,188
188,188,275,275
275,275,188,188
188,188,283,283
283,283,188,188
188,188,287,287
287,287,188,188
188,188,289,289
289,289,188,188
188,188,292,292
292,292,188,188
188,188,300,300
300,300,188,188
190,190,193,193
193,193,190,190
190,190,196,196
196,196,190,190
190,190,199,199
199,199,190,190
190,190,201,201
201,201,190,190
190,190,204,204
204,204,190,190
190,190,207,207
207,207,190,190
190,190,209,209
209,209,190,190
190,190,214,214
214,214,190,190
191,191,194,194
194,194,191,191
191,191,197,197
197,197,191,191
191,191,200,200
200,200,191,191
191,191,202,202
202,202,191,191
191,191,205,205
205,205,191,191
191,191,208,208
208,208,191,191
191,191,210,210
210,210,191,191
191,191,212,212
212,212,191,191
191,191,215,215
215,215,191,191
191,191,218,218
218,218,191,191
191,191,233,233
233,233,191,191
191,191,242,242
242,242,191,191
191,191,244,244
244,244,191,191
191,191,248,248
248,248,191,191
191,191,252,252
252,252,191,191
191,191,254,254
254,254,191,191
191,191,256,256
256,256,191,191
191,191,269,269
269,269,191,191
191,191,273,273
273,273,191,191
191,191,275,275
275,275,191,191
191,191,278,278
278,278,191,191
191,191,283,283
283,283,191,191
191,191,287,287
287,287,191,191
191,191,289,289
289,289,191,191
191,191,292,292
292,292,191,191
191,191,297,297
297,297,191,191
191,191,300,300
300,300,191,191
191,191,306,306
306,306,191,191
191,191,308,308
308,308,191,191
191,191,313,313
313,313,191,191
192,192,195,195
195,195,192,192
192,192,198,198
198,198,192,192
192,192,206,206
206,206,192,192
192,192,213,213
213,213,192,192
192,192,216,216
216,216,192,192
193,193,196,196
196,196,193,193
193,193,199,199
199,199,193,193
193,193,201,201
201,201,193,193
193,193,204,204
204,204,193,193
193,193,207,207
207,207,193,193
193,193,209,209
209,209,193,193
193,193,211,211
211,211,193,193
193,193,214,214
214,214,193,193
193,193,217,217
217,217,193,193
193,193,240,240
240,240,193,193
193,193,246,246
246,246,193,193
194,194,197,197
197,197,194,194
194,194,200,200
200,200,194,194
194,194,202,202
202,202,194,194
194,194,205,205
205,205,194,194
194,194,208,208
208,208,194,194
194,194,210,210
210,210,194,194
194,194,212,212
212,212,194,194
194,194,215,215
215,215,194,194
194,194,218,218
218,218,194,194
194,194,242,242
242,242,194,194
194,194,265,265
265,265,194,194
194,194,267,267
267,267,194,194
194,194,269,269
269,269,194,194
194,194,273,273
273,273,194,194
194,194,275,275
275,275,194,194
194,194,278,278
278,278,194,194
194,194,283,283
283,283,194,194
194,194,287,287
287,287,194,194
194,194,289,289
289,289,194,194
194,194,292,292
292,292,194,194
194,194,300,300
300,300,194,194
194,194,308,308
308,308,194,194
195,195,198,198
198,198,195,195
195,195,206,206
206,206,195,195
196,196,199,199
199,199,196,196
196,196,201,201
201,201,196,196
196,196,204,204
204,204,196,196
196,196,207,207
207,207,196,196
196,196,209,209
209,209,196,196
196,196,211,211
211,211,196,196
196,196,214,214
214,214,196,196
197,197,200,200
200,200,197,197
197,197,202,202
202,202,197,197
197,197,205,205
205,205,197,197
197,197,208,208
208,208,197,197
197,197,210,210
210,210,197,197
197,197,212,212
212,212,197,197
197,197,215,215
215,215,197,197
197,197,218,218
218,218,197,197
197,197,258,258
258,258,197,197
197,197,265,265
265,265,197,197
197,197,267,267
267,267,197,197
197,197,269,269
269,269,197,197
197,197,273,273
273,273,197,197
197,197,278,278
278,278,197,197
197,197,283,283
283,283,197,197
197,197,289,289
289,289,197,197
197,197,292,292
292,292,197,197
197,197,300,300
300,300,197,197
197,197,306,306
306,306,197,197
197,197,308,308
308,308,197,197
197,197,313,313
313,313,197,197
198,198,206,206
206,206,198,198
198,198,213,213
213,213,198,198
198,198,216,216
216,216,198,198
199,199,201,201
201,201,199,199
199,199,204,204
204,204,199,199
199,199,207,207
207,207,199,199
199,199,209,209
209,209,199,199
199,199,211,211
211,211,199,199
199,199,214,214
214,214,199,199
200,200,202,202
202,202,200,200
200,200,205,205
205,205,200,200
200,200,208,208
208,208,200,200
200,200,210,210
210,210,200,200
200,200,212,212
212,212,200,200
200,200,215,215
215,215,200,200
200,200,218,218
218,218,200,200
200,200,233,233
233,233,200,200
200,200,242,242
242,242,200,200
200,200,244,244
244,244,200,200
200,200,248,248
248,248,200,200
200,200,250,250
250,250,200,200
200,200,256,256
256,256,200,200
200,200,258,258
258,258,200,200
200,200,265,265
265,265,200,200
200,200,267,267
267,267,200,200
200,200,269,269
269,269,200,200
200,200,273,273
273,273,200,200
200,200,278,278
278,278,200,200
200,200,283,283
283,283,200,200
200,200,287,287
287,287,200,200
200,200,292,292
292,292,200,200
200,200,297,297
297,297,200,200
200,200,300,300
300,300,200,200
200,200,302,302
302,302,200,200
200,200,306,306
306,306,200,200
200,200,308,308
308,308,200,200
200,200,313,313
313,313,200,200
201,201,204,204
204,204,201,201
201,201,207,207
207,207,201,201
201,201,209,209
209,209,201,201
201,201,211,211
211,211,201,201
201,201,214,214
214,214,201,201
202,202,205,205
205,205,202,202
202,202,208,208
208,208,202,202
202,202,210,210
210,210,202,202
202,202,212,212
212,212,202,202
202,202,215,215
215,215,202,202
202,202,218,218
218,218,202,202
202,202,233,233
233,233,202,202
202,202,242,242
242,242,202,202
202,202,244,244
244,244,202,202
202,202,250,250
250,250,202,202
202,202,252,252
252,252,202,202
202,202,256,256
256,256,202,202
202,202,258,258
258,258,202,202
202,202,267,267
267,267,202,202
202,202,269,269
269,269,202,202
202,202,275,275
275,275,202,202
202,202,278,278
278,278,202,202
202,202,283,283
283,283,202,202
202,202,287,287
287,287,202,202
202,202,289,289
289,289,202,202
202,202,292,292
292,292,202,202
202,202,297,297
297,297,202,202
202,202,300,300
300,300,202,202
202,202,306,306
306,306,202,202
202,202,308,308
308,308,202,202
202,202,313,313
313,313,202,202
204,204,207,207
207,207,204,204
204,204,209,209
209,209,204,204
204,204,211,211
211,211,204,204
204,204,214,214
214,214,204,204
204,204,217,217
217,217,204,204
205,205,208,208
208,208,205,205
205,205,210,210
210,210,205,205
205,205,212,212
212,212,205,205
205,205,215,215
215,215,205,205
205,205,218,218
218,218,205,205
205,205,244,244
244,244,205,205
205,205,248,248
248,248,205,205
205,205,254,254
254,254,205,205
205,205,258,258
258,258,205,205
205,205,269,269
269,269,205,205
205,205,273,273
273,273,205,205
205,205,278,278
278,278,205,205
205,205,283,283
283,283,205,205
205,205,287,287
287,287,205,205
205,205,289,289
289,289,205,205
205,205,300,300
300,300,205,205
205,205,306,306
306,306,205,205
205,205,308,308
308,308,205,205
205,205,313,313
313,313,205,205
206,206,216,216
216,216,206,206
207,207,209,209
209,209,207,207
207,207,211,211
211,211,207,207
207,207,214,214
214,214,207,207
207,207,217,217
217,217,207,207
208,208,210,210
210,210,208,208
208,208,212,212
212,212,208,208
208,208,215,215
215,215,208,208
208,208,218,218
218,218,208,208
208,208,242,242
242,242,208,208
208,208,248,248
248,248,208,208
208,208,250,250
250,250,208,208
208,208,258,258
258,258,208,208
208,208,261,261
261,261,208,208
208,208,265,265
265,265,208,208
208,208,267,267
267,267,208,208
208,208,269,269
269,269,208,208
208,208,273,273
273,273,208,208
208,208,278,278
278,278,208,208
208,208,287,287
287,287,208,208
208,208,289,289
289,289,208,208
208,208,300,300
300,300,208,208
208,208,302,302
302,302,208,208
208,208,308,308
308,308,208,208
208,208,313,313
313,313,208,208
209,209,211,211
211,211,209,209
209,209,214,214
214,214,209,209
209,209,217,217
217,217,209,209
210,210,212,212
212,212,210,210
210,210,215,215
215,215,210,210
210,210,218,218
218,218,210,210
210,210,242,242
242,242,210,210
210,210,244,244
244,244,210,210
210,210,248,248
248,248,210,210
210,210,252,252
252,252,210,210
210,210,256,256
256,256,210,210
210,210,267,267
267,267,210,210
210,210,269,269
269,269,210,210
210,210,273,273
273,273,210,210
210,210,275,275
275,275,210,210
210,210,278,278
278,278,210,210
210,210,283,283
283,283,210,210
210,210,287,287
287,287,210,210
210,210,292,292
292,292,210,210
210,210,302,302
302,302,210,210
210,210,306,306
306,306,210,210
210,210,308,308
308,308,210,210
210,210,313,313
313,313,210,210
211,211,214,214
214,214,211,211
211,211,217,217
217,217,211,211
212,212,215,215
215,215,212,212
212,212,218,218
218,218,212,212
212,212,242,242
242,242,212,212
212,212,244,244
244,244,212,212
212,212,248,248
248,248,212,212
212,212,254,254
254,254,212,212
212,212,256,256
256,256,212,212
212,212,261,261
261,261,212,212
212,212,267,267
267,267,212,212
212,212,269,269
269,269,212,212
212,212,273,273
273,273,212,212
212,212,275,275
275,275,212,212
212,212,278,278
278,278,212,212
212,212,283,283
283,283,212,212
212,212,292,292
292,292,212,212
212,212,297,297
297,297,212,212
212,212,300,300
300,300,212,212
212,212,302,302
302,302,212,212
212,212,306,306
306,306,212,212
212,212,308,308
308,308,212,212
212,212,313,313
313,313,212,212
213,213,216,216
216,216,213,213
214,214,217,217
217,217,214,214
215,215,218,218
218,218,215,215
215,215,244,244
244,244,215,215
215,215,248,248
248,248,215,215
215,215,254,254
254,254,215,215
215,215,265,265
265,265,215,215
215,215,267,267
267,267,215,215
215,215,269,269
269,269,215,215
215,215,273,273
273,273,215,215
215,215,278,278
278,278,215,215
215,215,283,283
283,283,215,215
215,215,289,289
289,289,215,215
215,215,292,292
292,292,215,215
215,215,297,297
297,297,215,215
215,215,300,300
300,300,215,215
215,215,302,302
302,302,215,215
215,215,308,308
308,308,215,215
215,215,313,313
313,313,215,215
218,218,242,242
242,242,218,218
218,218,248,248
248,248,218,218
218,218,252,252
252,252,218,218
218,218,258,258
258,258,218,218
218,218,261,261
261,261,218,218
218,218,265,265
265,265,218,218
218,218,267,267
267,267,218,218
218,218,269,269
269,269,218,218
218,218,273,273
273,273,218,218
218,218,278,278
278,278,218,218
218,218,283,283
283,283,218,218
218,218,287,287
287,287,218,218
218,218,289,289
289,289,218,218
218,218,292,292
292,292,218,218
218,218,297,297
297,297,218,218
218,218,300,300
300,300,218,218
218,218,302,302
302,302,218,218
218,218,306,306
306,306,218,218
218,218,313,313
313,313,218,218
219,219,222,222
222,222,219,219
221,221,224,224
224,224,221,221
225,225,228,228
228,228,225,225
227,227,230,230
230,230,227,227
227,227,292,292
292,292,227,227
233,233,244,244
244,244,233,233
233,233,275,275
275,275,233,233
233,233,283,283
283,283,233,233
233,233,289,289
289,289,233,233
233,233,292,292
292,292,233,233
239,239,245,245
245,245,239,239
240,240,243,243
243,243,240,240
240,240,246,246
246,246,240,240
240,240,262,262
262,262,240,240
240,240,270,270
270,270,240,240
240,240,310,310
310,310,240,240
242,242,244,244
244,244,242,242
242,242,248,248
248,248,242,242
242,242,250,250
250,250,242,242
242,242,252,252
252,252,242,242
242,242,254,254
254,254,242,242
242,242,256,256
256,256,242,242
242,242,258,258
258,258,242,242
242,242,261,261
261,261,242,242
242,242,265,265
265,265,242,242
242,242,267,267
267,267,242,242
242,242,269,269
269,269,242,242
242,242,273,273
273,273,242,242
242,242,275,275
275,275,242,242
242,242,278,278
278,278,242,242
242,242,283,283
283,283,242,242
242,242,287,287
287,287,242,242
242,242,289,289
289,289,242,242
242,242,292,292
292,292,242,242
242,242,297,297
297,297,242,242
242,242,300,300
300,300,242,242
242,242,302,302
302,302,242,242
242,242,306,306
306,306,242,242
242,242,308,308
308,308,242,242
242,242,313,313
313,313,242,242
243,243,246,246
246,246,243,243
243,243,249,249
249,249,243,243
243,243,255,255
255,255,243,243
243,243,257,257
257,257,243,243
243,243,266,266
266,266,243,243
243,243,299,299
299,299,243,243
243,243,301,301
301,301,243,243
243,243,307,307
307,307,243,243
244,244,248,248
248,248,244,244
244,244,250,250
250,250,244,244
244,244,252,252
252,252,244,244
244,244,254,254
254,254,244,244
244,244,256,256
256,256,244,244
244,244,258,258
258,258,244,244
244,244,261,261
261,261,244,244
244,244,265,265
265,265,244,244
244,244,267,267
267,267,244,244
244,244,269,269
269,269,244,244
244,244,273,273
273,273,244,244
244,244,275,275
275,275,244,244
244,244,278,278
278,278,244,244
244,244,283,283
283,283,244,244
244,244,287,287
287,287,244,244
244,244,289,289
289,289,244,244
244,244,292,292
292,292,244,244
244,244,297,297
297,297,244,244
244,244,300,300
300,300,244,244
244,244,302,302
302,302,244,244
244,244,306,306
306,306,244,244
244,244,308,308
308,308,244,244
244,244,313,313
313,313,244,244
246,246,259,259
259,259,246,246
246,246,262,262
262,262,246,246
246,246,270,270
270,270,246,246
246,246,310,310
310,310,246,246
248,248,250,250
250,250,248,248
248,248,252,252
252,252,248,248
248,248,254,254
254,254,248,248
248,248,256,256
256,256,248,248
248,248,258,258
258,258,248,248
248,248,261,261
261,261,248,248
248,248,265,265
265,265,248,248
248,248,267,267
267,267,248,248
248,248,269,269
269,269,248,248
248,248,273,273
273,273,248,248
248,248,275,275
275,275,248,248
248,248,278,278
278,278,248,248
248,248,283,283
283,283,248,248
248,248,287,287
287,287,248,248
248,248,289,289
289,289,248,248
248,248,292,292
292,292,248,248
248,248,297,297
297,297,248,248
248,248,300,300
300,300,248,248
248,248,302,302
302,302,248,248
248,248,306,306
306,306,248,248
248,248,308,308
308,308,248,248
248,248,313,313
313,313,248,248
249,249,253,253
253,253,249,249
249,249,255,255
255,255,249,249
249,249,266,266
266,266,249,249
249,249,274,274
274,274,249,249
249,249,301,301
301,301,249,249
249,249,307,307
307,307,249,249
250,250,252,252
252,252,250,250
250,250,254,254
254,254,250,250
250,250,256,256
256,256,250,250
250,250,258,258
258,258,250,250
250,250,265,265
265,265,250,250
250,250,267,267
267,267,250,250
250,250,269,269
269,269,250,250
250,250,273,273
273,273,250,250
250,250,275,275
275,275,250,250
250,250,278,278
278,278,250,250
250,250,283,283
283,283,250,250
250,250,287,287
287,287,250,250
250,250,289,289
289,289,250,250
250,250,292,292
292,292,250,250
250,250,297,297
297,297,250,250
250,250,300,300
300,300,250,250
250,250,302,302
302,302,250,250
250,250,306,306
306,306,250,250
250,250,308,308
308,308,250,250
250,250,313,313
313,313,250,250
252,252,254,254
254,254,252,252
252,252,256,256
256,256,252,252
252,252,258,258
258,258,252,252
252,252,261,261
261,261,252,252
252,252,265,265
265,265,252,252
252,252,267,267
267,267,252,252
252,252,269,269
269,269,252,252
252,252,273,273
273,273,252,252
252,252,275,275
275,275,252,252
252,252,278,278
278,278,252,252
252,252,283,283
283,283,252,252
252,252,287,287
287,287,252,252
252,252,289,289
289,289,252,252
252,252,292,292
292,292,252,252
252,252,297,297
297,297,252,252
252,252,300,300
300,300,252,252
252,252,302,302
302,302,252,252
252,252,306,306
306,306,252,252
252,252,308,308
308,308,252,252
252,252,313,313
313,313,252,252
253,253,255,255
255,255,253,253
254,254,256,256
256,256,254,254
254,254,258,258
258,258,254,254
254,254,261,261
261,261,254,254
254,254,265,265
265,265,254,254
254,254,267,267
267,267,254,254
254,254,269,269
269,269,254,254
254,254,273,273
273,273,254,254
254,254,275,275
275,275,254,254
254,254,278,278
278,278,254,254
254,254,283,283
283,283,254,254
254,254,287,287
287,287,254,254
254,254,289,289
289,289,254,254
254,254,292,292
292,292,254,254
254,254,297,297
297,297,254,254
254,254,300,300
300,300,254,254
254,254,302,302
302,302,254,254
254,254,306,306
306,306,254,254
254,254,308,308
308,308,254,254
254,254,313,313
313,313,254,254
255,255,257,257
257,257,255,255
255,255,266,266
266,266,255,255
255,255,268,268
268,268,255,255
255,255,301,301
301,301,255,255
255,255,307,307
307,307,255,255
256,256,258,258
258,258,256,256
256,256,261,261
261,261,256,256
256,256,265,265
265,265,256,256
256,256,267,267
267,267,256,256
256,256,269,269
269,269,256,256
256,256,273,273
273,273,256,256
256,256,275,275
275,275,256,256
256,256,278,278
278,278,256,256
256,256,283,283
283,283,256,256
256,256,287,287
287,287,256,256
256,256,289,289
289,289,256,256
256,256,292,292
292,292,256,256
256,256,297,297
297,297,256,256
256,256,300,300
300,300,256,256
256,256,302,302
302,302,256,256
256,256,306,306
306,306,256,256
256,256,308,308
308,308,256,256
256,256,313,313
313,313,256,256
257,257,268,268
268,268,257,257
257,257,301,301
301,301,257,257
258,258,261,261
261,261,258,258
258,258,265,265
265,265,258,258
258,258,267,267
267,267,258,258
258,258,269,269
269,269,258,258
258,258,273,273
273,273,258,258
258,258,275,275
275,275,258,258
258,258,278,278
278,278,258,258
258,258,283,283
283,283,258,258
258,258,287,287
287,287,258,258
258,258,289,289
289,289,258,258
258,258,292,292
292,292,258,258
258,258,297,297
297,297,258,258
258,258,300,300
300,300,258,258
258,258,302,302
302,302,258,258
258,258,306,306
306,306,258,258
258,258,308,308
308,308,258,258
258,258,313,313
313,313,258,258
261,261,265,265
265,265,261,261
261,261,267,267
267,267,261,261
261,261,269,269
269,269,261,261
261,261,273,273
273,273,261,261
261,261,275,275
275,275,261,261
261,261,278,278
278,278,261,261
261,261,283,283
283,283,261,261
261,261,292,292
292,292,261,261
261,261,297,297
297,297,261,261
261,261,300,300
300,300,261,261
261,261,302,302
302,302,261,261
261,261,306,306
306,306,261,261
261,261,308,308
308,308,261,261
261,261,313,313
313,313,261,261
262,262,270,270
270,270,262,262
262,262,280,280
280,280,262,262
262,262,284,284
284,284,262,262
262,262,293,293
293,293,262,262
262,262,303,303
303,303,262,262
262,262,310,310
310,310,262,262
265,265,267,267
267,267,265,265
265,265,269,269
269,269,265,265
265,265,273,273
273,273,265,265
265,265,275,275
275,275,265,265
265,265,278,278
278,278,265,265
265,265,283,283
283,283,265,265
265,265,287,287
287,287,265,265
265,265,289,289
289,289,265,265
265,265,292,292
292,292,265,265
265,265,297,297
297,297,265,265
265,265,300,300
300,300,265,265
265,265,302,302
302,302,265,265
265,265,306,306
306,306,265,265
265,265,308,308
308,308,265,265
265,265,313,313
313,313,265,265
266,266,301,301
301,301,266,266
267,267,269,269
269,269,267,267
267,267,273,273
273,273,267,267
267,267,275,275
275,275,267,267
267,267,278,278
278,278,267,267
267,267,283,283
283,283,267,267
267,267,287,287
287,287,267,267
267,267,289,289
289,289,267,267
267,267,292,292
292,292,267,267
267,267,297,297
297,297,267,267
267,267,300,300
300,300,267,267
267,267,302,302
302,302,267,267
267,267,306,306
306,306,267,267
267,267,308,308
308,308,267,267
267,267,313,313
313,313,267,267
269,269,273,273
273,273,269,269
269,269,275,275
275,275,269,269
269,269,278,278
278,278,269,269
269,269,283,283
283,283,269,269
269,269,287,287
287,287,269,269
269,269,289,289
289,289,269,269
269,269,292,292
292,292,269,269
269,269,297,297
297,297,269,269
269,269,300,300
300,300,269,269
269,269,302,302
302,302,269,269
269,269,306,306
306,306,269,269
269,269,308,308
308,308,269,269
269,269,313,313
313,313,269,269
270,270,303,303
303,303,270,270
273,273,275,275
275,275,273,273
273,273,278,278
278,278,273,273
273,273,283,283
283,283,273,273
273,273,287,287
287,287,273,273
273,273,289,289
289,289,273,273
273,273,292,292
292,292,273,273
273,273,297,297
297,297,273,273
273,273,300,300
300,300,273,273
273,273,302,302
302,302,273,273
273,273,306,306
306,306,273,273
273,273,308,308
308,308,273,273
273,273,313,313
313,313,273,273
275,275,278,278
278,278,275,275
275,275,283,283
283,283,275,275
275,275,287,287
287,287,275,275
275,275,289,289
289,289,275,275
275,275,292,292
292,292,275,275
275,275,297,297
297,297,275,275
275,275,300,300
300,300,275,275
275,275,302,302
302,302,275,275
275,275,306,306
306,306,275,275
275,275,308,308
308,308,275,275
275,275,313,313
313,313,275,275
278,278,283,283
283,283,278,278
278,278,287,287
287,287,278,278
278,278,289,289
289,289,278,278
278,278,292,292
292,292,278,278
278,278,297,297
297,297,278,278
278,278,300,300
300,300,278,278
278,278,302,302
302,302,278,278
278,278,306,306
306,306,278,278
278,278,308,308
308,308,278,278
278,278,313,313
313,313,278,278
283,283,287,287
287,287,283,283
283,283,289,289
289,289,283,283
283,283,292,292
292,292,283,283
283,283,297,297
297,297,283,283
283,283,300,300
300,300,283,283
283,283,302,302
302,302,283,283
283,283,306,306
306,306,283,283
283,283,308,308
308,308,283,283
283,283,313,313
313,313,283,283
284,284,293,293
293,293,284,284
284,284,303,303
303,303,284,284
284,284,310,310
310,310,284,284
287,287,289,289
289,289,287,287
287,287,292,292
292,292,287,287
287,287,297,297
297,297,287,287
287,287,300,300
300,300,287,287
287,287,302,302
302,302,287,287
287,287,306,306
306,306,287,287
287,287,308,308
308,308,287,287
287,287,313,313
313,313,287,287
289,289,292,292
292,292,289,289
289,289,297,297
297,297,289,289
289,289,300,300
300,300,289,289
289,289,302,302
302,302,289,289
289,289,306,306
306,306,289,289
289,289,308,308
308,308,289,289
289,289,313,313
313,313,289,289
292,292,297,297
297,297,292,292
292,292,300,300
300,300,292,292
292,292,302,302
302,302,292,292
292,292,306,306
306,306,292,292
292,292,308,308
308,308,292,292
292,292,313,313
313,313,292,292
293,293,303,303
303,303,293,293
293,293,310,310
310,310,293,293
297,297,300,300
300,300,297,297
297,297,302,302
302,302,297,297
297,297,306,306
306,306,297,297
297,297,308,308
308,308,297,297
297,297,313,313
313,313,297,297
299,299,301,301
301,301,299,299
300,300,302,302
302,302,300,300
300,300,306,306
306,306,300,300
300,300,308,308
308,308,300,300
300,300,313,313
313,313,300,300
301,301,307,307
307,307,301,301
302,302,306,306
306,306,302,302
302,302,308,308
308,308,302,302
302,302,313,313
313,313,302,302
303,303,310,310
310,310,303,303
306,306,308,308
308,308,306,306
306,306,313,313
313,313,306,306
308,308,313,313
313,313,308,308
